CHR Group SNP.lead BP.lead Size W R2 Resolution
9 130 rs10965219 22053687 4 0.053006385338906496 0.979577 Radj2
4 64 rs4552460 7863618 3 0.024992924131250618 0.344584 Radj2
12 440 rs10774751 114755640 1 0.018708085545202743 NA Radj2
7 99 rs10253202 17338425 1 -0.018275276051132217 NA Radj2
1 412 rs74652737 92495178 1 -0.016356796259309157 0.0364909 Radj2
1 586 rs4656461 165687205 2 0.013736062594551623 0.0688131 Radj2
5 415 rs115605691 119299183 1 -0.012704222183244468 0.22022 Radj2
6 192 rs29218 29607429 2 0.012088435748230309 0.928302 Radj2
9 100 rs41311434 15447191 1 0.01185227773519908 NA Radj2
11 430 rs2566390 98693192 1 -0.011679566363944422 0.516844 Radj2
12 85 rs73058808 11654041 1 0.011191829773520836 NA Radj2
10 564 rs72838617 132208098 1 0.009825595109536208 0.226201 Radj2
6 784 rs10945914 164096376 1 0.00933871198907689 0.0227086 Radj2
5 109 rs73741572 21599848 1 0.009236027557975283 0.385554 Radj2
1 788 rs12747089 219438022 3 0.009130159963659887 0.12711 Radj2
16 255 rs72781218 63490462 1 -0.008552870152748573 NA Radj2
8 147 rs116985677 21494348 1 0.007964639574286107 NA Radj2
3 248 rs114924982 50391167 1 0.007875459253020614 0.012339899999999999 Radj2
6 645 rs2627231 134374673 1 0.007616729800544404 0.122514 Radj2
6 14 rs72832503 2319174 1 -0.00759611108682629 0.0543558 Radj2
1 605 rs4656711 169723575 1 -0.007538655920446978 0.727114 Radj2
19 311 rs8108756 57176198 1 -0.007466535642035669 0.0233475 Radj2
20 193 rs79475204 44302649 1 0.0073616012396539015 0.344861 Radj2
11 476 rs11214546 113106528 1 0.0070555509537068685 0.030339 Radj2
21 52 rs41417845 27695987 1 -0.006834140503205142 NA Radj2
3 4 rs6803481 976815 1 0.006782891082078581 0.6214 Radj2
7 196 rs58014320 36975186 1 -0.006752302841696621 NA Radj2
8 117 rs73198106 17427725 1 -0.006630204873273043 0.555031 Radj2
9 294 rs117175311 94468672 1 0.006592821714339392 0.0326599 Radj2
5 630 rs7715634 171028916 2 -0.006541702348151789 0.243961 Radj2
1 302 rs114016196 60975981 1 0.006504860793979139 NA Radj2
17 113 rs17701187 15256067 1 0.006434227791737213 NA Radj2
4 380 rs75734752 98970424 2 0.006221507915748944 0.0474935 Radj2
5 271 rs76488683 73874913 1 0.006139048417329825 0.0541969 Radj2
6 383 rs61740187 43401027 1 0.005983518148867468 NA Radj2
17 72 rs3785981 9084318 1 0.005933607025564614 0.61561 Radj2
14 51 rs1241513 25622059 1 -0.005895961745387456 0.403393 Radj2
8 145 rs4739250 21328277 2 -0.005765644029423728 0.226609 Radj2
11 90 rs186818613 10603528 1 -0.005630155548578965 NA Radj2
6 588 rs35548455 116720514 1 0.005626027249267439 0.798171 Radj2
1 82 rs148083107 14109023 1 -0.005478134106635698 NA Radj2
19 101 rs7250180 14023191 1 0.0054443674746492456 NA Radj2
9 342 rs2437811 107680458 2 0.005388388343217813 NA Radj2
9 415 rs881375 123652898 1 0.005291518960798175 0.835188 Radj2
8 607 rs1871534 145639681 1 -0.005289986379552576 NA Radj2
16 105 rs11860979 14071253 3 0.005064016645706217 0.794018 Radj2
18 176 rs7237573 42209961 1 -0.0049822775661786944 0.115046 Radj2
10 211 rs12246870 43379151 1 -0.004931214030420282 0.0298878 Radj2
6 198 rs1610601 29700183 2 0.004834840525401765 0.987531 Radj2
2 769 rs80263293 211712979 1 -0.0047849370565164655 0.046548 Radj2
4 498 rs72714102 138052648 1 0.004698559258564159 0.216975 Radj2
5 457 rs1295686 131995843 1 -0.004634647926563523 0.832763 Radj2
11 243 rs145466300 46564053 2 0.004539885412889452 NA Radj2
11 520 rs624529 122002725 1 -0.004493112098830687 0.0163435 Radj2
1 546 rs12063268 157566663 1 -0.004483376794221982 0.445619 Radj2
9 197 rs11792999 39154913 1 0.004464876001345018 0.339144 Radj2
2 355 rs12713914 77705469 1 -0.004414827217858361 NA Radj2
14 93 rs149121781 35596805 1 0.004411283011795183 NA Radj2
4 304 rs4859571 76857309 1 -0.004381714574334111 0.0287786 Radj2
18 130 rs12963523 26687028 2 0.004356655300789999 0.63939 Radj2
1 600 rs115686841 168849245 2 0.004342699575534513 NA Radj2
11 400 rs78611822 90179161 1 0.004340231309173388 0.0267722 Radj2
11 205 rs4756350 36810762 1 0.004334412047097344 NA Radj2
17 370 rs4243252 77701565 1 -0.004274376818229993 NA Radj2
2 248 rs72824125 48808125 1 0.004210675720339397 NA Radj2
5 517 rs17107260 147114856 1 -0.0041998536112082905 NA Radj2
7 231 rs139659653 44578747 1 -0.003996361693465615 NA Radj2
10 255 rs78270405 57204964 3 -0.003917553271769589 0.244623 Radj2
6 741 rs76969332 155719761 3 0.0038371951360864935 NA Radj2
3 526 rs1498719 134172488 2 -0.0037817894113200317 0.792558 Radj2
15 58 rs12232317 34090911 1 -0.0036965225726586963 NA Radj2
8 524 rs9650112 133231539 1 -0.003649361340440653 0.0742431 Radj2
1 445 rs4908249 102950021 3 0.003620081075090916 0.238054 Radj2
21 125 rs117579498 41844988 1 -0.0035722526457359362 0.451776 Radj2
20 194 rs35156034 44578991 1 0.0035684895859951888 NA Radj2
2 241 rs75516527 47067353 1 -0.0035497787981160775 0.163886 Radj2
3 472 rs150765058 122287775 1 -0.00353059290838824 NA Radj2
14 216 rs17766799 71348436 1 0.0035138936729685313 0.0114712 Radj2
3 143 rs12637175 24722308 1 0.0035079693403263943 0.0767139 Radj2
19 304 rs149164646 56424305 1 0.003455471558128014 NA Radj2
1 201 rs76127800 35628705 1 0.003449521390822602 0.286486 Radj2
15 295 rs117209589 90127775 1 0.003344270981332706 NA Radj2
10 399 rs11187233 94739383 1 0.0033313885319377888 0.112574 Radj2
19 181 rs140331892 36278945 1 0.0033250798616702923 NA Radj2
16 79 rs75528578 9997641 2 0.003261681242205681 0.369113 Radj2
6 211 rs140451451 30080441 1 -0.00322538380214103 NA Radj2
5 494 rs78310959 141694213 1 -0.003216520503567295 NA Radj2
1 262 rs112446754 51172469 2 -0.0032135296756414062 0.597539 Radj2
15 35 rs12913832 28365618 1 0.003188021628261256 0.104031 Radj2
4 660 rs12640927 178140525 1 -0.0031789383899332195 0.163391 Radj2
16 127 rs76621572 20384729 2 0.00317010079931415 0.150196 Radj2
2 378 rs56228924 85658862 1 0.003009975405856874 0.421246 Radj2
4 7 rs35254228 1531227 2 0.0030033044111950923 0.304838 Radj2
6 452 rs118171209 71429237 1 0.0029699302294293834 NA Radj2
11 387 rs72955481 86321718 1 0.0029603125219732546 NA Radj2
3 658 rs73180246 171697302 2 0.0028531838610922084 0.901473 Radj2
9 311 rs78270905 99344367 2 0.0028069338078473456 0.937936 Radj2
11 92 rs12802307 10797903 1 -0.0028045182183504607 0.494123 Radj2
6 486 rs117584658 84274433 1 -0.002802556877158454 NA Radj2
10 459 rs72825945 110312784 1 0.0027251365235019167 0.0375575 Radj2
21 21 rs13046530 19046706 1 -0.002659767318484013 NA Radj2
6 504 rs16882747 91054471 1 0.0026336934901481793 NA Radj2
10 554 rs7912924 130939211 1 0.0026336874121625064 0.0868768 Radj2
3 381 rs76802992 86241988 1 0.002628794196543635 0.0642094 Radj2
3 407 rs2317339 100796683 1 0.002622633147574183 0.078656 Radj2
10 322 rs57619842 76525727 2 -0.0025788980036028347 0.0470615 Radj2
15 322 rs11857333 93807754 1 0.002560740655056141 0.59887 Radj2
11 437 rs79884956 100759838 1 -0.002550265271958015 0.0602928 Radj2
12 500 rs6489042 126544562 2 0.0025377923202267345 NA Radj2
15 113 rs190880430 48493739 1 -0.0024999009017117367 NA Radj2
1 764 rs4655344 214601209 1 -0.0024811229452575616 0.051589 Radj2
8 199 rs116868659 31131426 1 -0.0024805054990679203 NA Radj2
2 346 rs112210854 75448529 1 -0.0024790350608046496 0.57036 Radj2
2 219 rs4952952 43149973 2 -0.0024675066000040434 0.416731 Radj2
5 474 rs31564 135230253 1 -0.00243949933083688 0.184546 Radj2
19 172 rs78646207 34486231 1 -0.0024374938589016844 NA Radj2
18 73 rs10502399 10353949 1 -0.002421587537019914 0.0497262 Radj2
18 339 rs11151099 75696725 1 -0.0024123577049579856 0.0272673 Radj2
3 154 rs9310795 26299547 1 0.002364107395473035 0.0263418 Radj2
4 428 rs7658770 113240137 1 0.002314923699728821 0.288813 Radj2
15 258 rs117216581 81152198 2 0.00230308026305453 NA Radj2
10 140 rs11812422 22533935 3 0.002278622841872294 0.263723 Radj2
8 506 rs7386167 128568712 1 0.002255162553075382 0.100012 Radj2
7 574 rs141430858 148949817 1 0.0022404044780257593 NA Radj2
3 693 rs2284885 179490169 2 0.0021867523864170604 NA Radj2
20 246 rs74404463 54293925 1 -0.002185112922000505 0.0307084 Radj2
6 493 rs11754890 87985343 1 -0.002183407817745635 0.402611 Radj2
19 281 rs112327401 53955203 2 -0.002176751049924552 0.877884 Radj2
11 539 rs7950499 125253757 2 0.002167204998563133 0.0973193 Radj2
2 622 rs121917956 166848003 1 0.0021635965599128655 0.0406377 Radj2
10 40 rs184954504 5788373 1 0.0021502323750630468 NA Radj2
18 311 rs78258420 71761966 1 -0.002124367204548552 NA Radj2
4 242 rs10022787 56521889 2 0.002117966364344039 0.952973 Radj2
5 321 rs62358998 84164561 2 -0.00208408579962865 0.32997 Radj2
2 250 rs72827284 49268280 2 0.002061296279830701 0.53615 Radj2
5 165 rs10472978 35655248 1 0.0020493852303668783 0.69616 Radj2
2 142 rs12987346 28659489 2 -0.0020445429226767023 0.221878 Radj2
18 53 rs8087367 7238619 2 0.0020411489039778115 NA Radj2
12 221 rs12369063 51802468 1 -0.002014612014353539 0.105982 Radj2
14 285 rs2896078 89048905 1 0.001997151571422316 NA Radj2
1 725 rs954206 205807504 1 -0.001990846129891204 0.536827 Radj2
1 687 rs17583875 197924770 1 -0.001985391628096264 0.254741 Radj2
6 661 rs140836920 138628503 1 0.001973780351201584 NA Radj2
2 55 rs11899670 8618836 1 0.001967804110476177 NA Radj2
3 305 rs62252074 63436958 1 0.0019520632599732315 0.191816 Radj2
15 233 rs140176050 75499807 1 0.0019339516998680105 NA Radj2
19 222 rs145609489 45682571 1 0.0019328643236401482 NA Radj2
15 261 rs55711032 81784354 1 -0.0019278546485052297 NA Radj2
4 66 rs73216485 8076952 1 -0.0019263837591718112 0.155381 Radj2
5 326 rs171711 86471345 1 0.0018946002661892323 0.0540029 Radj2
15 371 rs3825901 101949168 1 0.001888871165369657 0.0112952 Radj2
11 331 rs77059339 72912090 1 0.0018882687692947744 0.0114823 Radj2
20 236 rs79658759 52702501 1 0.0018879499759746122 0.0917136 Radj2
20 46 rs805751 5647738 1 0.001887092445476242 NA Radj2
10 61 rs17143967 8577336 1 -0.0018831119596858727 0.13376 Radj2
18 32 rs34025036 4348101 2 0.001853587364781028 0.0642399 Radj2
1 823 rs6684997 229055275 2 -0.0018126474662285182 0.769885 Radj2
1 822 rs77559973 228958748 1 0.0018110670481704197 0.087996 Radj2
6 666 rs35269313 139768839 2 -0.0018035132640017032 NA Radj2
9 300 rs117734979 96194123 1 0.0018027743422133328 0.0800969 Radj2
5 24 rs62338551 3318730 1 -0.0017836038934132617 0.7997 Radj2
4 385 rs35719513 100260783 3 0.0017487531559688418 NA Radj2
20 198 rs77000636 45350613 1 -0.0017454064980055653 NA Radj2
2 321 rs114479296 69223296 1 0.001723310475683921 NA Radj2
3 103 rs1156568 14446545 1 0.0016972896313558181 0.109238 Radj2
5 493 rs2961692 141564716 2 0.0016967358442535555 0.0367408 Radj2
16 106 rs72783491 14215588 1 -0.0016906101131850555 NA Radj2
2 21 rs115066800 2870602 1 -0.0016717939912304987 NA Radj2
3 513 rs116530779 131494902 1 -0.0016689059553821803 NA Radj2
10 94 rs11597486 13833814 1 0.0016578235109731714 0.172691 Radj2
10 218 rs75427746 45401601 1 -0.0016506225831814554 0.0442855 Radj2
18 237 rs8094635 56948478 1 0.0016342438923021986 0.575013 Radj2
16 188 rs62031057 49653393 2 -0.0016248145347480076 0.045493 Radj2
3 215 rs6766936 40500933 1 0.0015946892036156645 0.251411 Radj2
19 187 rs117140332 38327261 1 0.0015817891408001598 0.0560853 Radj2
2 831 rs12463829 224407558 1 0.0015779547511272068 0.0131065 Radj2
7 515 rs322302 136931552 1 -0.0015738903552531662 0.185713 Radj2
5 531 rs10045697 149283320 1 -0.0015709233355953953 0.0211977 Radj2
1 672 rs946828 191867973 2 -0.0015556022399277863 0.070001 Radj2
12 126 rs117301190 21725625 2 -0.0015538501722393875 0.905366 Radj2
6 206 rs3823363 29943715 2 -0.0015522528113938844 0.956133 Radj2
1 591 rs6697417 166959455 1 -0.0015357619368373701 0.73798 Radj2
8 174 rs118138958 25899093 1 0.0015144776449328514 0.0160372 Radj2
3 784 rs56149727 194575051 1 0.0014934596761004683 0.0974744 Radj2
15 204 rs117000502 70984182 1 -0.0014771136265513986 NA Radj2
1 813 rs60311516 226259804 1 -0.0014590534681206723 0.0257537 Radj2
1 584 rs3820366 165402599 1 -0.001457705580661444 0.197475 Radj2
13 138 rs9533563 44212127 1 0.001452594418939647 0.0468229 Radj2
2 425 rs7596328 105442170 1 0.0014494457518564462 0.741751 Radj2
4 422 rs114471774 111345401 1 0.0014251350333379196 0.122805 Radj2
2 320 rs35312633 69091224 1 -0.0014129778907021667 0.0113796 Radj2
2 701 rs76624968 187334936 1 -0.0014045708954376177 0.30848 Radj2
13 144 rs4942399 45886230 1 -0.0013929009019813 0.885507 Radj2
12 185 rs2733283 41935977 1 -0.001376817777719851 0.0722486 Radj2
16 155 rs116059091 26662891 1 -0.0013754829072107392 NA Radj2
8 330 rs11779462 74526738 1 -0.0013690744706239568 0.0204794 Radj2
2 943 rs141249079 241569447 1 0.001357150824050484 NA Radj2
4 419 rs17040904 110772711 1 0.0013478985151541792 0.168263 Radj2
4 582 rs6818862 158701534 1 0.0013468256455369293 0.0104759 Radj2
17 191 rs149383385 38925270 1 -0.0013422829880148125 NA Radj2
8 79 rs117791187 10725102 1 0.0013389416101588405 NA Radj2
4 204 rs12499840 40592629 1 0.001328942814963248 0.0314249 Radj2
11 436 rs76795573 100425012 1 -0.0013241011067172785 0.550567 Radj2
16 402 rs4461080 87269061 1 0.00131949160026492 0.552614 Radj2
6 119 rs6940835 20274662 1 0.0013119799290188764 NA Radj2
10 26 rs67713240 3390657 1 0.0013119507453638714 0.0757524 Radj2
1 429 rs61786355 97772282 2 0.001310956816631439 0.0587276 Radj2
6 686 rs2328519 144142629 1 -0.0012895191712160854 0.0135682 Radj2
7 194 rs3735400 36438709 1 -0.0012711730897454643 0.079849 Radj2
19 68 rs118029702 8634279 1 0.0012660880647154104 NA Radj2
2 668 rs13030788 176732229 1 -0.0012593773059687548 0.59747 Radj2
14 348 rs941891 100638235 1 -0.001249566043546072 0.223023 Radj2
3 686 rs17631673 177198248 1 0.0012373060087442608 0.914479 Radj2
10 524 rs17678853 125540177 2 0.0012344332144772802 0.202496 Radj2
12 441 rs12581177 114944003 1 0.00122745437690908 0.247111 Radj2
10 207 Affx-35517038 37276377 1 0.0012261788934102152 NA Radj2
18 120 rs117727373 23636882 1 -0.0012261543876803684 0.036633400000000003 Radj2
15 171 rs17271716 62747351 1 -0.0012239422828036618 0.29904 Radj2
12 452 rs79157878 116892133 1 0.0012081941155109035 0.139777 Radj2
8 146 rs34649266 21358195 1 0.0011942944833374905 0.580782 Radj2
6 409 rs13213123 51413785 2 0.001184876194139393 0.0734808 Radj2
1 455 rs12059449 107315368 2 0.0011837468887792792 NA Radj2
20 12 rs6078022 1155854 1 0.0011789337646870746 0.148569 Radj2
11 589 rs61909164 134589180 1 -0.0011679160361784385 NA Radj2
4 600 rs72697060 164181615 1 -0.001166664756191648 0.0294501 Radj2
11 337 rs72979230 74354146 1 0.0011624387977132538 0.145413 Radj2
2 614 rs10192119 164581241 1 0.001161169857367242 0.0916724 Radj2
3 235 rs115560382 45528104 1 -0.0011602927464644138 0.0520523 Radj2
6 239 rs1264362 30776590 2 0.0011586024233581982 0.993473 Radj2
8 293 rs4738919 62673675 1 0.0011501263957743757 0.217113 Radj2
17 171 rs4251726 34144511 1 -0.0011488885422625717 0.0150302 Radj2
9 456 rs183889908 133499884 1 -0.001142511553753657 0.0634494 Radj2
9 247 rs34122027 84120952 1 -0.0011288008658576413 NA Radj2
11 219 rs4370928 40824308 1 -0.0011285051213653946 0.900578 Radj2
1 345 rs74781363 71737147 1 -0.0011267924431568814 0.22916 Radj2
17 190 rs72819670 38697394 1 -0.001116543044867817 0.330711 Radj2
4 621 rs75226502 168758989 1 -0.0011158675600632085 NA Radj2
1 286 rs664979 57421337 1 -0.001110812201683632 NA Radj2
4 145 rs114814284 26143655 1 0.0011093537703894233 NA Radj2
22 82 rs11912486 34145596 1 0.0010955531342092845 NA Radj2
12 489 rs61754987 124817779 1 -0.001091622834557268 NA Radj2
2 269 rs4627617 54660456 1 0.0010910593063510467 0.0534287 Radj2
12 427 rs118034859 110547996 2 0.0010900850232872005 NA Radj2
18 325 rs117566743 74092242 2 0.001087419358429694 NA Radj2
12 478 rs116961756 121781489 1 0.0010867942108345506 NA Radj2
7 434 rs118181804 108714569 1 -0.0010828376543018973 0.0235741 Radj2
4 730 rs4639134 188339887 1 -0.0010793115221422787 0.0334644 Radj2
15 217 rs12440264 71854104 1 0.0010768225379816703 0.133568 Radj2
5 279 rs873787 75843577 2 0.0010742898101989745 0.175964 Radj2
1 494 rs116019118 116890315 1 0.001073394140845205 NA Radj2
2 847 rs10933169 228074630 3 0.0010730962236926403 0.91718 Radj2
17 154 rs9895463 31312527 1 0.001061815162677816 0.290489 Radj2
3 402 rs114372910 98632116 1 -0.0010613013436824759 0.040745 Radj2
16 84 rs1077069 10754400 1 0.0010588361933337662 0.318524 Radj2
10 58 rs10795607 8318449 1 0.0010503618467831348 0.597982 Radj2
11 569 rs117979652 131117478 1 -0.0010459584439085905 0.952785 Radj2
10 571 rs80141872 133195846 1 -0.0010412857528161637 0.0138261 Radj2
1 143 rs34671368 23880912 1 0.0010405518850168738 0.0999415 Radj2
6 146 rs34541321 26017617 1 0.0010265022830041747 0.0550212 Radj2
4 246 rs74476747 57398920 1 0.0010240739600100753 0.0601297 Radj2
15 290 rs59383251 89581128 1 -0.0010237238802551312 0.0112434 Radj2
12 149 rs35006101 27010243 1 -0.0010216204058948702 0.0686836 Radj2
1 231 rs17376785 42649443 1 -0.0010039971204147849 0.0339307 Radj2
20 156 rs6065197 35322008 1 0.0010012767083090617 0.23523 Radj2
16 390 rs79338875 86252787 1 -9.953418851426493e-4 0.189194 Radj2
16 8 rs148595483 774193 1 9.786798529034116e-4 0.0150521 Radj2
9 98 rs118121429 15276813 1 -9.674191358395142e-4 0.520051 Radj2
6 370 rs62396356 41167763 1 9.673968657336279e-4 0.158942 Radj2
19 292 rs76546271 55211267 1 9.631299141499357e-4 NA Radj2
16 287 rs74573392 74947599 1 9.624031807058311e-4 0.511003 Radj2
20 295 rs3737137 60897721 1 -9.589840974889092e-4 0.0469659 Radj2
2 377 rs1053560 85546192 1 -9.581278110718889e-4 0.989106 Radj2
6 52 rs17143030 7591754 1 -9.460359917615423e-4 0.481818 Radj2
4 330 rs115371025 83956709 1 9.433945031878941e-4 0.0150451 Radj2
5 552 rs72797239 151998899 1 9.414845042064217e-4 0.50415 Radj2
5 534 rs6869634 149616719 1 -9.400635849592003e-4 0.477908 Radj2
8 448 rs10093354 115863500 1 9.364621446611033e-4 0.407575 Radj2
10 179 rs668126 30604416 1 9.33099189555014e-4 0.152203 Radj2
7 84 rs2158662 14117692 2 9.269774067880086e-4 0.0171843 Radj2
17 107 rs77068586 13550680 1 9.264882833644482e-4 0.0416675 Radj2
7 369 rs42645 89975587 1 -9.240462474387689e-4 0.114661 Radj2
3 202 rs11129744 36966449 1 9.22947162935534e-4 0.158283 Radj2
7 379 rs7804125 93017391 1 -9.219770469962007e-4 0.165309 Radj2
3 722 rs6767055 186193436 1 -9.121855813284851e-4 0.423616 Radj2
10 411 rs41291572 97453703 2 9.113839341646707e-4 0.864939 Radj2
8 19 rs144063996 2033500 1 -8.956149576426705e-4 NA Radj2
1 899 rs1635517 242012033 1 -8.897730855005554e-4 0.663273 Radj2
15 168 rs78822825 62313909 1 -8.7968500876579e-4 0.634392 Radj2
2 707 rs12998848 189650206 1 -8.73234719207266e-4 0.154211 Radj2
8 366 rs17623545 88080246 1 -8.694185103940804e-4 0.877643 Radj2
11 472 rs117072446 111552788 1 -8.681986582219439e-4 0.120803 Radj2
5 324 rs7726370 85836907 1 -8.616427488252708e-4 0.0448819 Radj2
2 806 rs112262555 218958610 1 -8.579496462824676e-4 0.171822 Radj2
3 91 rs13081389 12289800 1 -8.486502128676087e-4 0.3614 Radj2
8 409 rs67840821 101816136 1 8.32342645624063e-4 NA Radj2
8 29 rs7822902 2994124 2 8.126164139011643e-4 0.708059 Radj2
8 454 rs2316313 117150039 1 -8.098164980613577e-4 0.0143812 Radj2
10 329 rs79647797 77954261 1 -8.037830029185976e-4 0.92246 Radj2
14 69 rs80107364 31276545 1 -8.013306866665231e-4 0.10011 Radj2
10 187 rs117581678 32221142 1 7.9885716726569e-4 0.0239077 Radj2
16 116 rs62033189 17342509 1 7.934254736102594e-4 0.0126966 Radj2
4 142 rs114382663 25850322 1 7.93216060065689e-4 0.0489072 Radj2
6 196 rs3131888 29663889 1 7.921001520918616e-4 0.994125 Radj2
8 107 rs181799408 16102951 1 -7.88523424441158e-4 0.250391 Radj2
6 477 rs4706813 80610263 1 -7.879197143071325e-4 0.118496 Radj2
12 333 rs11835420 84524991 1 -7.770708185769868e-4 0.0543766 Radj2
17 311 rs2016210 70311726 1 7.75954540217271e-4 0.0332327 Radj2
10 377 rs7088594 89486433 1 7.715760206179858e-4 0.158653 Radj2
15 116 rs117133403 49823391 1 7.688858407610885e-4 0.225344 Radj2
7 615 rs12719959 155152401 1 7.65836034897901e-4 0.634182 Radj2
2 606 rs111363322 160542967 1 7.634475216948945e-4 0.0268338 Radj2
16 49 rs4786787 5941187 1 -7.614912981216062e-4 NA Radj2
6 90 rs116123497 14082870 1 7.612684594858772e-4 NA Radj2
12 116 rs10734691 19793979 1 7.596277943286242e-4 0.0680226 Radj2
15 349 rs2028591 98868637 1 -7.553786050768905e-4 0.0702077 Radj2
20 128 rs73124043 21966244 1 -7.54210305801065e-4 NA Radj2
10 381 rs11202844 90514269 1 -7.541282092940843e-4 0.452974 Radj2
9 449 rs4509442 132386835 1 -7.445280964619351e-4 NA Radj2
11 163 rs35624765 26305030 2 -7.337784752609517e-4 NA Radj2
1 376 rs12408229 82805566 1 -7.336901411462398e-4 0.0265742 Radj2
14 62 rs10133195 28295788 1 7.327786168290397e-4 NA Radj2
6 545 rs75562635 105134795 1 -7.256879702365061e-4 0.0246705 Radj2
3 172 rs72853592 30267355 1 7.201984463977293e-4 0.052 Radj2
6 535 rs62419588 101899959 1 -7.165136297059467e-4 0.259434 Radj2
22 54 rs2516087 27405385 1 7.160422332864615e-4 NA Radj2
8 317 rs17672657 70917592 1 7.140125555093233e-4 0.0288259 Radj2
1 419 rs77630498 94770125 1 7.137793878117268e-4 0.058673 Radj2
1 333 rs74527511 68000987 1 -7.083736774654498e-4 0.0677488 Radj2
1 350 rs114010904 74434631 2 7.070216460508926e-4 0.431257 Radj2
12 124 rs74528913 21038609 1 -7.036381138763809e-4 0.663181 Radj2
14 131 rs58344168 48907542 1 -7.016741249908389e-4 0.563907 Radj2
12 350 rs11106418 92476069 1 -7.008888836391258e-4 0.0311947 Radj2
16 284 rs35085250 74233216 1 6.976527538650696e-4 0.0771236 Radj2
6 621 rs74945109 126164738 1 -6.963226465242473e-4 0.114784 Radj2
4 701 rs55927126 184802250 1 6.945376366325027e-4 0.741241 Radj2
20 139 rs6083730 25027526 1 -6.90870705708919e-4 0.368201 Radj2
9 152 rs117630423 27065690 1 6.90674101556735e-4 0.0682615 Radj2
16 340 rs78266257 81808838 1 6.889465251492652e-4 0.0831562 Radj2
4 673 rs922028 180787754 2 6.882498670283514e-4 0.890468 Radj2
4 614 rs17505964 167015529 1 6.863415594094149e-4 NA Radj2
17 169 rs6505477 33817525 1 -6.810737167527948e-4 0.0188236 Radj2
19 91 rs182487066 12089241 1 -6.773836557011336e-4 NA Radj2
5 119 rs72747809 24229218 1 -6.738169232920157e-4 0.146099 Radj2
10 270 rs112922975 62292553 1 -6.728342855030152e-4 0.172506 Radj2
3 371 rs116528462 81171031 1 -6.676557364532982e-4 0.0109394 Radj2
19 59 rs622989 7574308 1 6.640309336505345e-4 0.0609901 Radj2
4 150 rs74352709 27170474 1 6.542195931091329e-4 0.0768066 Radj2
10 457 rs11193729 109591822 1 -6.527461233202602e-4 0.622745 Radj2
2 373 rs114155051 84191524 1 -6.521117511637786e-4 NA Radj2
20 149 rs73099080 32476030 2 -6.449322944725284e-4 0.752867 Radj2
15 39 rs78617261 29612806 1 6.421588448001432e-4 NA Radj2
13 41 rs9580871 24681642 1 6.387605915823934e-4 0.394316 Radj2
18 141 rs4799638 29740078 1 -6.372444646704434e-4 0.0264623 Radj2
1 325 rs10493380 66046117 1 6.353833254577115e-4 0.497716 Radj2
18 322 rs34858967 73550547 1 -6.345051762963285e-4 0.0830734 Radj2
20 125 rs6046858 20412652 1 6.337732249770293e-4 NA Radj2
21 76 rs9977055 33441026 1 6.317580288178524e-4 0.238271 Radj2
1 516 rs267733 150958836 1 6.287574248209331e-4 0.930253 Radj2
17 24 rs17762735 3119611 1 -6.265553450028896e-4 0.311808 Radj2
10 21 rs3003516 3004093 1 6.247120730998599e-4 0.410225 Radj2
6 284 rs9267873 32199352 1 6.184033400955835e-4 0.964878 Radj2
1 37 rs7521197 5758772 1 6.144510339957517e-4 0.0464911 Radj2
8 609 rs112915558 145969994 1 -6.009123386095987e-4 0.418756 Radj2
20 140 rs11698185 25181998 1 5.999086096318452e-4 0.571153 Radj2
16 273 rs74342400 69893719 2 -5.95281169226235e-4 0.132164 Radj2
3 318 rs1678100 66298721 2 -5.950595196066392e-4 0.551185 Radj2
17 222 rs2584668 47557284 1 5.925864375412271e-4 0.508185 Radj2
2 820 rs76890660 222047622 1 -5.919535065515782e-4 0.0318081 Radj2
18 79 rs2865121 10731428 2 5.854601695514968e-4 0.69773 Radj2
3 675 rs76384726 174690217 1 5.814589752044165e-4 0.369093 Radj2
17 254 rs118037659 55719694 1 5.797156712756839e-4 0.0864005 Radj2
6 669 rs186371981 140035112 1 -5.727316318267771e-4 0.047238 Radj2
20 92 rs79801563 13969825 1 5.725913775964216e-4 0.938791 Radj2
19 58 rs73921438 7548626 1 5.693048579382188e-4 0.267371 Radj2
4 470 rs4077738 126749905 1 5.687302733150876e-4 0.0703413 Radj2
22 34 rs75455133 23737141 1 -5.667338543550001e-4 0.0264217 Radj2
11 147 rs324232 21955916 1 -5.665569018481557e-4 NA Radj2
1 846 rs10910200 233643856 1 5.634610969587467e-4 0.0808255 Radj2
5 628 rs79104050 170773068 1 -5.597828086935217e-4 NA Radj2
8 53 rs117588162 5355810 1 5.560495718993043e-4 NA Radj2
3 578 rs11710845 150065280 1 5.554593900643099e-4 0.167828 Radj2
7 259 rs17504846 51935244 1 -5.532466570008301e-4 0.0322975 Radj2
4 216 rs34273298 44146447 1 -5.516597398231749e-4 0.0955801 Radj2
16 286 rs79640741 74846353 1 5.515106891896816e-4 NA Radj2
9 83 rs2382371 12780295 1 5.488608589129915e-4 NA Radj2
22 101 rs229526 37581422 1 5.482647360793824e-4 NA Radj2
9 120 rs2209797 19591691 1 5.476137478432699e-4 0.286728 Radj2
10 369 rs2488634 86351634 1 5.449781950036136e-4 0.0500446 Radj2
6 290 rs9268220 32284340 1 -5.408171731798748e-4 0.710986 Radj2
1 864 rs10925140 236662659 1 -5.393846401311076e-4 NA Radj2
8 582 rs3739237 142228686 1 5.387255943519391e-4 0.314179 Radj2
14 217 rs117284726 71988621 1 5.329295676205742e-4 0.0459256 Radj2
18 214 rs78303500 52265059 1 5.302100511861053e-4 NA Radj2
1 509 rs116795080 146851404 1 5.27098759827729e-4 0.245998 Radj2
2 407 rs115257107 100181858 1 5.266396475382421e-4 0.0509971 Radj2
13 394 rs144248225 113481088 1 -5.224296445212519e-4 NA Radj2
12 429 rs117127209 111707696 1 -5.210617299280598e-4 NA Radj2
1 912 rs57681664 244446852 1 5.172087670315495e-4 0.535211 Radj2
9 312 rs12552100 100234633 1 5.154825073198724e-4 NA Radj2
3 589 rs1464593 152737318 1 -5.138670991499201e-4 0.57278 Radj2
8 237 rs17875672 42145305 1 -5.112197966090588e-4 0.0100722 Radj2
2 436 rs72826929 108440519 1 5.085395524038175e-4 0.238382 Radj2
9 109 rs12341812 17107467 1 -5.072158140204904e-4 0.480148 Radj2
9 513 rs200394508 139369816 1 5.069483338542109e-4 NA Radj2
14 303 rs7148148 92671185 1 -5.051952943741945e-4 0.78938 Radj2
6 285 rs424232 32208324 1 -5.046928566469807e-4 0.694773 Radj2
9 22 rs118113437 2618861 2 -5.019829409976012e-4 NA Radj2
1 680 rs4457559 194978642 1 -4.990688137157192e-4 0.0156271 Radj2
7 387 rs6970794 95230909 1 -4.974565733781215e-4 0.0468999 Radj2
10 423 rs499415 99773047 1 4.945058190336954e-4 NA Radj2
19 32 rs138699938 3382176 2 -4.942265063248341e-4 NA Radj2
8 294 rs117437483 63385024 1 -4.932961268779153e-4 0.0551667 Radj2
16 163 rs17514997 27762872 1 -4.897252972528518e-4 0.0451055 Radj2
1 377 rs114795198 82923528 1 4.893729667316088e-4 NA Radj2
11 185 rs11031874 32585042 1 -4.888345843372411e-4 0.609145 Radj2
20 272 rs73299516 58136271 1 -4.875506425285652e-4 NA Radj2
1 588 rs79552507 166059512 1 4.8438006421055047e-4 0.10085 Radj2
8 21 rs35659525 2175796 1 -4.8365432941911615e-4 0.432813 Radj2
9 383 rs28393131 116853108 1 4.817700262039774e-4 0.32152 Radj2
20 253 rs118187059 55377495 1 4.763316245261734e-4 NA Radj2
9 327 rs2181038 104623443 1 4.759654847584109e-4 0.0559441 Radj2
16 359 rs8050660 84021647 1 4.7359249356948254e-4 0.159306 Radj2
3 65 rs35619296 7891775 1 4.6938469796876285e-4 0.0207096 Radj2
8 573 rs2471094 140635346 1 -4.67990206699976e-4 0.273207 Radj2
18 328 rs72975391 74421889 1 -4.6279362431735023e-4 0.04928 Radj2
6 771 rs73021253 161779092 1 -4.6211428873655725e-4 NA Radj2
16 314 rs116985496 79150983 1 4.5770208631553885e-4 0.0576032 Radj2
1 272 rs41311180 54433490 1 4.5101966300649447e-4 NA Radj2
20 126 rs6047098 20838118 1 4.5009729975104343e-4 0.334714 Radj2
3 542 rs78121550 139772737 1 -4.4521963109581754e-4 NA Radj2
10 584 rs116907429 134817063 1 4.4459005042442876e-4 0.0240971 Radj2
2 145 rs1471425 28984418 1 -4.420805694274186e-4 0.561614 Radj2
8 230 rs2599677 40430457 1 4.4046547538806487e-4 0.667507 Radj2
11 465 rs79992299 109398035 1 -4.4031056673643905e-4 0.215972 Radj2
16 265 rs6499069 66375505 1 4.3637318556839257e-4 0.303329 Radj2
16 6 rs187664088 733572 1 4.297110697630017e-4 0.14228 Radj2
19 103 rs139113505 14499616 1 4.2790708212195794e-4 NA Radj2
14 331 rs72704878 96772059 1 -4.2494630406651886e-4 0.0996229 Radj2
6 359 rs1079606 38650186 1 4.206307910808082e-4 NA Radj2
10 163 rs2505330 27775851 2 4.203517188981082e-4 0.330776 Radj2
2 416 rs12471980 102721463 1 4.19855367382689e-4 0.418707 Radj2
3 306 rs17397377 63495675 1 4.135230837773446e-4 0.0758028 Radj2
11 195 rs2027495 34745964 1 4.1091864973773364e-4 0.461737 Radj2
2 528 rs72849422 134316536 1 -4.087406047243009e-4 0.029163 Radj2
7 467 rs117061478 123933855 1 -4.0870550258256756e-4 NA Radj2
1 140 rs74616940 23229984 1 3.983476802164916e-4 0.223161 Radj2
1 551 rs200829664 158639328 1 3.9644536834355785e-4 NA Radj2
13 281 rs116903596 92842082 1 -3.9604582671864735e-4 0.040552 Radj2
11 511 rs10790383 120344526 1 3.9502885456332035e-4 0.0223913 Radj2
2 146 rs13406322 29209898 1 3.9393749186557753e-4 0.444619 Radj2
4 475 rs17339254 129341053 1 3.8589680507123363e-4 0.0754706 Radj2
10 391 rs117150722 92720123 1 -3.848267627280105e-4 NA Radj2
15 366 Affx-35293512 101325948 2 -3.843817995837483e-4 0.675364 Radj2
7 455 rs10280709 117613109 1 3.83188696185393e-4 0.0178797 Radj2
13 75 rs116952187 29608592 1 -3.819301430791478e-4 0.0334494 Radj2
6 144 rs4711092 25684405 1 -3.797460241853425e-4 0.108486 Radj2
19 129 rs138816376 19741292 1 -3.7905390281825333e-4 NA Radj2
16 9 rs2277902 839027 1 -3.7392952416151644e-4 NA Radj2
4 4 rs76420143 830065 1 -3.737643894785607e-4 0.039557 Radj2
9 134 rs71506750 22720465 1 -3.711665823699748e-4 NA Radj2
20 38 rs6052761 4657017 1 3.6816726619086506e-4 NA Radj2
20 281 rs73136030 59228108 1 -3.654330241322808e-4 0.112861 Radj2
6 684 rs76990366 144090172 1 -3.6523758492102283e-4 0.0862714 Radj2
10 388 rs11185943 91735780 1 -3.613069820635506e-4 0.0504918 Radj2
6 417 rs16884095 53470797 1 -3.612919716674549e-4 0.23686 Radj2
18 307 rs12454008 71103391 1 -3.602078514703855e-4 0.211295 Radj2
10 208 rs11011379 38121631 1 3.595483553105172e-4 0.154736 Radj2
2 611 rs17713557 163117185 2 3.573048148943823e-4 NA Radj2
1 753 rs12129489 211784213 1 3.5592455236426563e-4 0.275626 Radj2
1 779 rs72734577 218266142 1 3.5493392620799966e-4 0.234698 Radj2
1 153 rs11249187 25187952 1 3.523673237843538e-4 0.105617 Radj2
1 392 rs6576874 87675036 1 3.4853500466801773e-4 0.0200742 Radj2
10 340 rs11002130 79101769 1 -3.467026622848216e-4 NA Radj2
9 199 rs117344615 71097700 1 -3.4045061344207845e-4 0.0333467 Radj2
4 59 rs17761804 7536777 1 -3.38868336445379e-4 0.241761 Radj2
7 572 rs201062860 148771516 1 3.386782755755556e-4 NA Radj2
13 215 rs9572719 71905517 1 3.3822518510774445e-4 NA Radj2
11 454 rs35856221 105503055 1 -3.374345293262691e-4 0.036987 Radj2
5 305 rs1566433 80606713 1 -3.3194896713282737e-4 0.187827 Radj2
7 456 rs77677798 118420978 1 3.3170391851582805e-4 0.468376 Radj2
3 138 rs73037733 23317032 2 -3.312892023498175e-4 0.612837 Radj2
2 619 rs353119 166130379 1 3.307695811845989e-4 0.226669 Radj2
2 588 rs13422752 154277393 1 3.306799191616224e-4 0.0805321 Radj2
6 544 rs270668 104763414 1 -3.305249104398453e-4 0.239789 Radj2
8 500 rs17755664 127927493 1 -3.2707446362174435e-4 0.0498742 Radj2
19 240 rs8105198 48543862 1 3.26951340544948e-4 NA Radj2
20 5 rs6051331 324123 1 -3.2516588659564687e-4 0.0687358 Radj2
11 24 rs61873489 2456275 1 -3.2470826372043703e-4 NA Radj2
1 282 rs113899790 56219253 1 -3.237247047300525e-4 0.148914 Radj2
9 262 rs78971890 87573079 1 3.1498056546792387e-4 0.149705 Radj2
14 1 rs117509976 19336265 1 3.12682458758122e-4 0.0334948 Radj2
7 327 rs57326940 77628498 1 3.123922151868946e-4 0.0295505 Radj2
1 189 rs75056610 33098518 1 3.109374651481761e-4 0.0109647 Radj2
17 3 rs6565724 270933 1 -3.085899564620743e-4 0.373992 Radj2
3 506 rs145581290 130188161 1 3.083716318332515e-4 0.0335574 Radj2
2 737 rs76527759 200140659 1 3.082808594111878e-4 0.170337 Radj2
12 15 rs75941578 2157172 1 -3.0798383256509603e-4 0.0299359 Radj2
2 36 rs12621874 4981785 1 -3.0560579368158955e-4 0.030064 Radj2
1 894 rs114804045 241217590 1 3.0480809467686677e-4 0.107506 Radj2
1 524 rs11576882 152918785 1 -3.037390879810179e-4 0.250713 Radj2
9 292 rs72739455 93790736 1 3.0279580262597395e-4 0.0246825 Radj2
5 261 rs431619 71845634 1 3.02427988104512e-4 0.0898297 Radj2
11 328 rs3781931 72327205 1 3.01960765471095e-4 0.497449 Radj2
17 176 rs1045056 35346641 1 3.010253970230787e-4 0.167432 Radj2
3 422 rs7610804 106397445 1 2.984213323662132e-4 0.0482056 Radj2
6 77 rs13208015 11957086 1 2.97057108051079e-4 0.17624 Radj2
4 72 rs62288623 8640970 1 -2.916948627990924e-4 0.451658 Radj2
2 612 rs77954459 163638177 1 -2.846004796276802e-4 0.0405081 Radj2
18 94 rs17681051 13323041 1 2.8330831784733327e-4 NA Radj2
11 97 rs7482569 11674555 1 -2.817249390661769e-4 0.799378 Radj2
6 180 rs9257731 29299371 1 2.804789565357897e-4 0.916587 Radj2
17 316 rs117984441 71139060 1 -2.791363852392258e-4 0.505277 Radj2
20 176 rs6513763 40688176 1 2.779521781736257e-4 NA Radj2
20 3 rs74842604 230548 1 2.7726570296275914e-4 0.0108324 Radj2
8 224 rs118107244 38884050 1 2.7670075751688733e-4 0.0793592 Radj2
12 297 rs10160968 71820684 1 2.761043109022348e-4 0.0123192 Radj2
14 304 rs7150379 92736604 1 2.7575534875653096e-4 0.481599 Radj2
4 200 rs17619392 40128158 2 -2.711865424611087e-4 0.369387 Radj2
3 601 rs78845753 156210494 1 2.6853706952308435e-4 0.129569 Radj2
11 212 rs56092115 38704550 2 2.6771718757941814e-4 0.394352 Radj2
6 764 rs12193769 160261363 1 2.661194985586089e-4 0.0433023 Radj2
3 614 rs2019291 161564168 1 -2.657054026832651e-4 0.290413 Radj2
1 53 rs34580447 9323894 1 -2.6492430958239774e-4 NA Radj2
8 459 rs16889566 118305206 1 2.620298778969628e-4 NA Radj2
1 579 rs76059028 164307837 1 2.6137994602819914e-4 NA Radj2
3 327 rs1858243 68545254 1 2.611319491224028e-4 0.703907 Radj2
22 47 rs78807374 26031613 1 2.581692934210303e-4 NA Radj2
12 486 rs79134187 124228414 1 2.5607969388518335e-4 NA Radj2
7 604 rs11771429 153271877 1 2.553594473741651e-4 0.0184693 Radj2
1 254 rs72690303 48053626 1 2.530421911127054e-4 0.0331898 Radj2
19 211 rs138387298 43991217 1 2.5237451295439004e-4 0.0860473 Radj2
8 15 rs6992040 1789844 1 2.518396574963295e-4 0.591533 Radj2
1 736 rs76132584 207348197 1 2.500881663329597e-4 NA Radj2
8 399 rs2512073 98849303 1 -2.4936004160423786e-4 0.0576426 Radj2
3 569 rs75910093 148305235 1 2.4771010352087384e-4 0.0599805 Radj2
6 431 rs114536102 64271301 1 -2.4531627045243967e-4 0.0518379 Radj2
9 84 rs7026254 12825978 1 2.4360070457316382e-4 0.750622 Radj2
5 224 rs77961980 57133093 1 2.4300138697749162e-4 NA Radj2
4 371 rs78502300 95334701 1 -2.4235192045232013e-4 0.643041 Radj2
15 97 rs55707100 43820717 1 -2.4202321915856246e-4 0.405325 Radj2
22 181 rs10427830 49843524 1 2.4182646255209022e-4 NA Radj2
15 315 rs4586379 92921027 2 -2.4151345732031029e-4 NA Radj2
10 79 rs72775944 11925054 1 2.4138228010942413e-4 0.0334184 Radj2
1 729 rs201261502 206670654 1 2.4087658902407903e-4 0.329104 Radj2
12 290 rs523398 69752775 1 2.3680699218771358e-4 0.374886 Radj2
11 405 rs117432628 91714975 1 -2.364492451120761e-4 0.0188617 Radj2
22 132 rs34344550 43950949 1 -2.3567134258410254e-4 0.127069 Radj2
8 338 rs4143528 77597656 1 -2.343797793108917e-4 NA Radj2
14 319 rs138209155 94953767 1 2.3274538401724928e-4 NA Radj2
8 442 rs76002156 111644699 1 2.3241728149978497e-4 NA Radj2
6 705 rs116880152 150409997 1 2.2973102344635608e-4 0.0796698 Radj2
2 554 rs77306004 142138525 2 -2.2787180739609767e-4 0.955277 Radj2
13 338 rs7332680 104785591 1 2.268963428349478e-4 0.12529 Radj2
13 206 rs74095343 67718510 1 -2.252734839283684e-4 NA Radj2
15 123 rs148539600 51692407 1 2.221068960082901e-4 NA Radj2
8 272 rs12156059 56996806 1 -2.2109440718436554e-4 0.185604 Radj2
2 234 rs142908596 45941669 1 2.207810651080425e-4 0.221075 Radj2
6 817 rs369894 169462997 1 -2.1634989990581806e-4 0.224776 Radj2
2 104 rs2011027 18351537 1 2.1408333456681412e-4 0.125739 Radj2
6 194 rs3129063 29645613 2 -2.1362113339036168e-4 0.989497 Radj2
16 262 rs112907595 66095182 1 -2.1281348099761558e-4 0.108739 Radj2
3 27 rs75699120 3131245 1 2.125103887068016e-4 NA Radj2
3 408 rs74735379 101543150 1 2.105761477252654e-4 NA Radj2
13 35 rs2182497 23957488 2 -2.105673928658825e-4 0.168053 Radj2
11 572 rs11222718 131490026 1 -2.0536334736424394e-4 NA Radj2
3 613 rs115603426 161213220 1 -2.0375033475972276e-4 NA Radj2
15 280 rs80158872 88360757 1 2.021873097598613e-4 0.705 Radj2
4 140 rs4286507 25582496 1 -2.0114863012296426e-4 NA Radj2
1 659 rs12734919 186734612 1 1.9929981859530548e-4 0.138821 Radj2
10 197 rs149455520 34558715 1 -1.9894573368464883e-4 NA Radj2
14 139 rs139059875 51224261 2 1.9779730177939338e-4 NA Radj2
2 42 rs1429246 6028134 1 -1.9323178885156277e-4 0.27217 Radj2
2 87 rs79076882 14534137 1 1.9314509972420297e-4 NA Radj2
17 257 rs144635826 56283734 1 1.9275225965089177e-4 NA Radj2
6 455 rs200422266 72892633 1 1.925914355393068e-4 NA Radj2
12 342 rs78090938 89460367 1 1.9166205725570145e-4 NA Radj2
12 496 rs75311813 125839335 2 -1.9051649859543323e-4 NA Radj2
9 175 rs855514 33618936 1 -1.9015295285334765e-4 0.612634 Radj2
15 71 rs11853402 38151649 1 -1.901254178343817e-4 0.0719066 Radj2
1 794 rs115401836 221271243 1 -1.866455327071452e-4 0.0605499 Radj2
11 403 rs74440790 91119175 1 -1.8458493436884757e-4 NA Radj2
21 50 rs74989569 26110553 1 1.8106703344454635e-4 0.0811737 Radj2
1 454 rs114153689 106581078 1 -1.8067663919510202e-4 0.0108702 Radj2
10 500 rs6585507 120538000 1 -1.770712676920383e-4 0.0256461 Radj2
18 58 rs16952603 7872920 1 1.7495380343854688e-4 0.520911 Radj2
19 30 rs8105189 3170975 1 1.7452050405092093e-4 0.147694 Radj2
2 426 rs28366975 105836110 1 1.719227278557327e-4 0.629456 Radj2
3 163 rs1381391 28749353 1 1.6992922551862285e-4 0.0197082 Radj2
8 439 rs72682627 110253859 1 -1.6956173243855207e-4 0.483829 Radj2
19 249 rs10417524 49522616 1 1.6816237432089703e-4 0.929704 Radj2
9 3 rs7862276 510322 1 -1.67839793429034e-4 0.557238 Radj2
5 130 rs76145452 27847229 1 1.6555582893269718e-4 0.458056 Radj2
1 50 rs2274326 9009214 1 -1.649366558933346e-4 0.981359 Radj2
5 59 rs16882975 9516477 3 1.646252663937222e-4 NA Radj2
10 537 rs1872006 127389009 1 -1.6451243989591035e-4 0.851463 Radj2
2 756 rs149165152 207310177 1 1.6443258997254364e-4 NA Radj2
7 109 rs117179137 19577927 1 -1.6374047673267553e-4 NA Radj2
18 182 rs116879885 43794138 1 -1.6060901789739744e-4 NA Radj2
1 862 rs500585 236450942 1 1.6006616042613776e-4 0.032994 Radj2
6 281 rs4713505 32105001 1 1.5974020467622143e-4 0.154851 Radj2
4 327 rs3796470 83381564 1 1.5812971537722544e-4 NA Radj2
13 234 rs17063992 75793457 1 1.554551806011664e-4 0.0643082 Radj2
21 14 rs4818273 17989345 1 1.5444142614158316e-4 NA Radj2
1 196 rs549048 34424393 1 1.5402230903423846e-4 NA Radj2
3 719 rs1035593 185584871 1 -1.5353670086985547e-4 0.0171109 Radj2
4 333 rs4693634 84525707 2 1.5351715458541764e-4 0.426846 Radj2
8 169 rs11781553 25177267 1 -1.5322589278448252e-4 0.0215102 Radj2
8 548 rs79889160 137058821 2 1.527871539011287e-4 0.178033 Radj2
3 527 rs75529866 134579672 1 1.5228910024697162e-4 0.110645 Radj2
8 473 rs11779893 122108831 1 -1.4905753239300153e-4 NA Radj2
2 602 rs55927639 159059499 1 -1.4861832614411122e-4 0.564159 Radj2
14 214 rs145198723 70925930 1 -1.4693589574267228e-4 NA Radj2
4 314 rs114861789 79554356 1 -1.4564192874567556e-4 NA Radj2
8 232 rs10103283 40921518 1 -1.4472815354430688e-4 NA Radj2
11 566 rs73576042 130558237 1 1.4259670513434264e-4 NA Radj2
3 364 rs1017500 77271906 1 -1.4107994006105727e-4 NA Radj2
7 358 rs76796674 86255332 1 -1.4089601448522384e-4 0.184101 Radj2
18 347 rs79495788 76977974 2 -1.4088239165433884e-4 0.145463 Radj2
8 227 rs2543053 39821715 1 1.3994338891025566e-4 0.151295 Radj2
14 197 rs10498516 65109326 1 -1.3894202719760606e-4 0.0119373 Radj2
22 49 rs9613045 26338940 1 1.370973936083894e-4 0.0596087 Radj2
12 220 rs17860282 51740350 1 1.3617544847241233e-4 NA Radj2
3 280 rs80077668 59319159 1 1.3537329794670452e-4 NA Radj2
16 355 rs79392712 83625400 1 -1.3326885453660264e-4 0.429529 Radj2
7 42 rs77599410 6291239 2 1.2607674483671507e-4 0.282904 Radj2
7 352 rs10235789 83656800 1 1.2490461402676133e-4 0.106984 Radj2
11 4 rs7105244 358704 1 1.2487085946187275e-4 0.139684 Radj2
5 96 rs6873619 17651389 1 -1.2473354150434785e-4 NA Radj2
15 299 rs118101777 90630704 1 1.21471703233143e-4 NA Radj2
4 547 rs114567047 150649198 1 -1.206147912541936e-4 0.0218036 Radj2
3 272 rs17216775 56827661 1 1.1923044854013412e-4 0.0245376 Radj2
6 461 rs117726937 74755387 1 -1.1891724370340377e-4 0.0760025 Radj2
16 357 rs138675420 83948656 1 -1.1819227571127191e-4 NA Radj2
1 647 rs503280 182565949 1 -1.1560511034241594e-4 0.118494 Radj2
6 87 rs114806899 13381056 1 1.124855118227671e-4 NA Radj2
3 292 rs2594139 60808825 1 1.1218923354812303e-4 0.0317321 Radj2
9 170 rs10125901 32344008 1 1.1139477268765732e-4 NA Radj2
3 592 rs565329 153472823 1 1.0861347271598021e-4 0.153213 Radj2
18 245 rs4371257 58455758 1 -1.0817775584163387e-4 0.92394 Radj2
8 279 rs10504247 58837634 1 1.0778503631618851e-4 0.0760725 Radj2
2 218 rs77429532 42637261 1 1.072343491747691e-4 0.114668 Radj2
6 202 rs2734986 29818568 1 1.049818756808797e-4 0.980878 Radj2
5 477 rs111395450 136665793 1 -1.04501158277853e-4 NA Radj2
20 185 rs150099563 42908092 1 1.0373335989920823e-4 NA Radj2
18 189 rs10460078 45734172 1 1.0340729696457413e-4 0.181552 Radj2
13 379 rs4771705 111321757 1 1.013061921324975e-4 0.477264 Radj2
4 531 rs17721599 145613720 1 9.91930365925417e-5 0.918068 Radj2
12 352 rs4529920 93337184 1 9.861531210676291e-5 NA Radj2
6 543 rs77785052 104671382 1 -9.80850426232507e-5 0.251666 Radj2
8 183 rs4732798 27861504 1 -9.780889592593432e-5 0.0312405 Radj2
5 274 rs68160747 74569432 1 -9.722259996468012e-5 0.774972 Radj2
5 220 rs60128531 55846806 1 -9.695784069937977e-5 NA Radj2
13 59 rs73170176 27310219 1 -9.632205629086934e-5 0.152135 Radj2
1 410 rs78727537 92056185 1 9.173899947909967e-5 0.414937 Radj2
16 193 rs12922698 50848973 1 -9.080076492939778e-5 0.0435279 Radj2
12 8 rs149388376 970413 1 8.987062908054293e-5 NA Radj2
4 591 rs28516658 161798162 1 8.955283899146442e-5 NA Radj2
12 411 rs118056934 106223862 1 8.880310635640573e-5 NA Radj2
10 54 rs7093342 7654808 1 -8.872235112609047e-5 NA Radj2
6 787 rs77499411 164935962 2 8.75135279023832e-5 0.195954 Radj2
19 110 rs149597626 15769605 1 -8.663461063465955e-5 NA Radj2
15 269 rs117661294 85656050 1 8.543125752961469e-5 0.218325 Radj2
7 269 rs62459767 55198347 1 -8.26801882273283e-5 0.431824 Radj2
2 578 rs75267023 151598274 1 8.10951929419374e-5 NA Radj2
1 385 rs11161590 85764998 1 -8.089586257117856e-5 0.16035 Radj2
10 14 rs118191901 2258787 1 -8.03216048915631e-5 0.412572 Radj2
4 619 rs72701466 168219869 4 -8.019053366738573e-5 0.709747 Radj2
3 273 rs61742267 57132035 1 -7.959669264589665e-5 0.0961678 Radj2
3 378 rs13061527 85151828 3 7.940711815251889e-5 0.988466 Radj2
7 524 rs999229 138400796 1 -7.834848089087886e-5 0.501084 Radj2
14 361 rs28889341 102362062 1 -7.79045748439412e-5 0.0481053 Radj2
8 359 rs10103144 85123457 1 -7.522695340035465e-5 0.187479 Radj2
2 472 rs56352452 119576890 1 -7.072323399432041e-5 0.0886274 Radj2
18 65 rs35713027 9025230 1 6.935725724895244e-5 0.292488 Radj2
17 303 rs116950711 68016869 1 6.741809651755425e-5 0.277819 Radj2
10 525 rs7921110 125566066 1 -6.73465865146292e-5 NA Radj2
9 363 rs3739448 113192773 1 6.701228727033621e-5 0.0204712 Radj2
6 801 rs75789747 166897383 1 6.334015981873472e-5 NA Radj2
12 122 rs17379695 20902795 1 6.328782053492461e-5 0.160914 Radj2
11 432 rs17133189 99041145 1 6.310997001523932e-5 0.536668 Radj2
4 220 rs76905420 46751847 1 6.0215960399976545e-5 0.123725 Radj2
7 195 rs56950249 36590436 1 5.9724778241470724e-5 NA Radj2
8 590 rs35138854 142879094 1 -5.967075736494638e-5 NA Radj2
18 44 rs7241840 6533752 1 -5.8432645241662664e-5 NA Radj2
6 628 rs7753327 130050610 1 5.815914320758443e-5 NA Radj2
1 71 rs5746059 12262792 1 -5.776995767588401e-5 0.199943 Radj2
7 291 rs6460432 67629163 1 -5.734908454001875e-5 0.312587 Radj2
4 124 rs77233244 22418804 1 5.620737755181567e-5 0.230274 Radj2
20 232 rs6068579 52173737 1 5.536911409348763e-5 0.0636091 Radj2
4 583 rs1544089 159095077 1 5.2776780820231223e-5 0.531224 Radj2
1 210 rs72657713 37839088 1 5.130213192097965e-5 NA Radj2
8 125 rs1121922 18519032 1 5.022974778775699e-5 0.0671912 Radj2
1 943 rs12043704 248220954 1 -5.019615606951166e-5 0.242526 Radj2
8 312 rs12334857 69772017 1 4.96038997477298e-5 NA Radj2
1 47 rs228697 7887579 1 4.816611537941807e-5 0.17735 Radj2
2 233 rs11896740 45864672 1 -4.708026609439289e-5 0.700653 Radj2
4 559 rs115707155 154115019 1 -4.5725398031964566e-5 0.403066 Radj2
7 446 rs25456 113057370 1 -4.556743588990507e-5 NA Radj2
15 105 rs55913172 45936632 1 -4.5542620095601114e-5 0.317821 Radj2
18 194 rs117452443 46389411 1 -4.534371193209188e-5 NA Radj2
16 133 rs78504122 22035166 1 -4.5129390369751696e-5 0.141344 Radj2
1 507 rs142042030 145533551 1 -4.509570887424183e-5 NA Radj2
12 194 rs112788922 43848919 1 4.441338114627223e-5 0.336503 Radj2
4 492 rs11935553 135810888 1 4.3481377929203394e-5 0.216042 Radj2
14 80 rs17454110 33453438 1 -3.8923643769292384e-5 NA Radj2
16 64 rs4787053 7696605 1 -3.575862567545024e-5 0.21937 Radj2
10 220 rs17522720 45900958 1 3.510206080907601e-5 0.135751 Radj2
19 302 rs3786648 56169604 1 -3.5034478518366774e-5 0.0186905 Radj2
6 94 rs35084905 14991919 1 3.4660314270347956e-5 0.177781 Radj2
11 426 rs117282106 97118772 1 -3.394195895748989e-5 NA Radj2
11 107 rs56105729 13428100 1 3.231783109107928e-5 0.25764 Radj2
7 428 rs28763991 106522592 1 -3.2180377285965924e-5 0.0299359 Radj2
4 218 rs17449917 45441647 1 -3.1214204897100056e-5 NA Radj2
7 624 rs34794000 156320770 1 2.848781023210218e-5 0.778418 Radj2
18 171 rs62092069 40735531 1 2.7602447963125945e-5 0.476897 Radj2
3 745 rs17491280 189142602 1 -2.7478670897516504e-5 0.512683 Radj2
8 121 rs139160514 18055310 1 2.700582305783517e-5 0.372444 Radj2
12 198 rs111350419 46078873 1 2.6808552886938887e-5 0.0851002 Radj2
1 159 rs7533178 26005360 1 -2.671553169175449e-5 0.0105462 Radj2
11 273 rs117994695 61045821 1 -2.454261527988364e-5 0.158666 Radj2
17 212 rs117293754 43968246 1 -2.3410187602814676e-5 NA Radj2
14 88 rs77953148 34591760 1 -2.250945168981941e-5 0.172666 Radj2
16 221 rs2070839 56686242 1 2.1737124311733225e-5 0.0474517 Radj2
7 608 rs74424468 153982969 1 2.1686240261507008e-5 NA Radj2
5 398 rs365818 115017389 2 -2.03277531907069e-5 0.942883 Radj2
2 474 rs7556873 119915249 1 1.992947299396841e-5 0.0163112 Radj2
4 312 rs74846641 79235985 1 -1.80601981789353e-5 0.123691 Radj2
17 130 rs7209653 19882084 1 -1.710339943652222e-5 0.0852627 Radj2
12 453 rs17500262 117020386 1 -1.6172239913562243e-5 0.245747 Radj2
4 173 rs9654324 32340922 1 -1.5520413554093247e-5 0.156258 Radj2
18 80 rs11665509 11029609 1 1.4630788340230183e-5 0.705212 Radj2
15 119 rs12909011 50409125 1 -1.400899738001505e-5 0.585361 Radj2
3 406 rs1143774 100475568 1 -1.313803212084699e-5 0.464513 Radj2
8 570 rs10088502 140272653 1 -6.30144389601101e-6 0.0198276 Radj2
12 245 rs1725357 56129803 1 5.973835542614214e-6 NA Radj2
14 269 rs1958457 84209195 1 -5.0320123046077944e-6 0.265827 Radj2
1 513 rs138140155 147380740 1 4.646960355136771e-6 0.0224221 Radj2
11 211 rs72960946 38446971 1 -3.7635845887588884e-6 0.0228824 Radj2
3 564 rs79846677 146562971 1 -3.2368804289221538e-6 0.191285 Radj2
2 385 rs13010151 86451744 1 -2.8829207499476953e-6 0.376493 Radj2
19 169 rs75035519 33736883 1 -7.056851567827502e-7 0.0153273 Radj2
