CHR Group SNP.lead BP.lead Size W R2 Resolution
9 3159 rs10965219 22053687 5 0.048335868595022674 0.989937 Radj50
4 1277 rs4552460 7863618 2 -0.019128572207943655 0.988056 Radj50
12 11829 rs10774751 114755640 2 0.016663326232099214 0.59728 Radj50
1 14298 rs4656461 165687205 1 0.013992131156566856 0.945747 Radj50
7 2206 rs10253202 17338425 1 -0.013219827176415793 NA Radj50
9 2313 rs41311434 15447191 1 0.012006269805074347 0.586392 Radj50
12 1630 rs73058808 11654041 1 0.011556862367741793 0.897016 Radj50
5 846 rs113311257 5045325 1 -0.00959443154316748 0.0192528 Radj50
6 4471 rs29218 29607429 2 -0.008543939983622824 0.975383 Radj50
4 9752 rs75734752 98970424 1 0.008303938774375502 0.0656333 Radj50
1 20077 rs12747089 219438022 2 0.008274503172063585 0.9497 Radj50
11 12274 rs11214546 113106528 1 0.007819622249185669 0.0531369 Radj50
20 5056 rs79475204 44302649 1 0.007305279973912236 0.965946 Radj50
10 14321 rs72838617 132208098 1 0.007201381485903649 0.323257 Radj50
8 3513 rs116985677 21494348 1 0.00695955661994112 NA Radj50
6 2127 rs77710425 15441742 1 -0.006880879697230663 0.00638404 Radj50
9 7650 rs76605533 100624553 1 -0.00684777974814268 0.0464864 Radj50
6 19515 rs10945914 164096376 1 0.006815143648324491 0.949765 Radj50
6 8140 rs61740187 43401027 1 0.0068133175311968315 0.00245054 Radj50
6 1274 rs71542899 7970777 1 -0.0064708201034180375 0.714778 Radj50
1 3155 rs11249187 25187952 1 -0.0064262470782499624 0.492061 Radj50
3 219 rs73004011 1586698 1 -0.00634499114036908 NA Radj50
10 3200 rs11812422 22533935 1 -0.006018545484207348 0.836183 Radj50
6 15544 rs2627231 134374673 1 0.005953110442044925 0.79773 Radj50
19 2392 rs7250180 14023191 1 0.005796276916807286 0.0119272 Radj50
9 7266 rs117175311 94468672 1 0.0057215561943221634 0.475484 Radj50
3 6042 rs114924982 50391167 1 0.005696252346853367 0.15085 Radj50
17 1593 rs3785981 9084318 1 0.005585428051001347 0.94656 Radj50
10 2060 rs11597486 13833814 1 0.0055697897356415315 0.827509 Radj50
3 126 rs6803481 976815 1 0.005460111717601697 0.903429 Radj50
1 6802 rs114016196 60975981 1 0.005378473060330294 NA Radj50
5 7069 rs76488683 73874913 1 0.005332523800449235 0.1536 Radj50
1 1670 rs148083107 14109023 1 -0.005288390544426874 NA Radj50
5 2661 rs73741572 21599848 2 -0.005209231992579471 0.853846 Radj50
14 5362 rs17766799 71348436 1 0.005069308459026795 0.0196621 Radj50
1 14595 rs115686841 168849245 2 -0.00496213223074235 0.941955 Radj50
12 13167 rs6489042 126544562 2 -0.004942485033313141 0.989104 Radj50
6 14331 rs35548455 116720514 1 0.004926151163819523 0.977459 Radj50
10 10810 rs17222617 101578952 1 -0.00489946321562966 0.110962 Radj50
18 3054 rs12963523 26687028 1 0.00485886293625727 0.917254 Radj50
17 8611 rs4789455 75493685 1 -0.004802080178361032 0.807581 Radj50
5 7083 rs11748460 73974487 1 -0.004767020510454714 0.330476 Radj50
9 10797 rs881375 123652898 1 0.004759639338350867 0.974169 Radj50
8 11964 rs76949029 111971305 1 -0.0046515178642285255 0.574808 Radj50
4 1284 rs6811851 7911771 1 0.004536766473497836 0.946161 Radj50
12 13164 rs117110677 126503240 1 -0.004466497018985739 0.767633 Radj50
20 5086 rs35156034 44578991 1 0.00443529682799159 NA Radj50
6 12511 rs16882747 91054471 1 0.004315757596452851 0.483236 Radj50
16 1876 rs75528578 9997641 1 0.004296863057150363 0.499616 Radj50
19 4528 rs140331892 36278945 1 0.00427067509711208 NA Radj50
17 2551 rs17701187 15256067 3 -0.004219303781162212 0.790255 Radj50
9 2284 rs118121429 15276813 1 -0.004078818616521024 0.597823 Radj50
7 14568 rs28874913 143690673 1 -0.004060062645529444 0.767622 Radj50
6 17214 rs9377077 148053041 1 -0.003994560690825365 0.927521 Radj50
12 3486 rs118027363 28716105 1 -0.003922111183337132 0.352555 Radj50
3 3434 rs9310795 26299547 1 0.0037658704867917685 0.0329637 Radj50
19 7523 rs76546271 55211267 1 -0.0037603858796067223 0.926771 Radj50
18 623 rs34025036 4348101 2 -0.0036913393934291587 0.799647 Radj50
11 5830 rs145466300 46564053 1 0.003635593894519133 NA Radj50
20 1027 rs116974960 6245349 1 -0.003621877143501981 0.902293 Radj50
15 7869 rs12899930 93817700 1 -0.0035947737757175123 0.893845 Radj50
19 4731 rs117140332 38327261 1 0.003586523166399589 0.0942829 Radj50
10 10279 rs41291572 97453703 1 0.0035651641971016744 0.976189 Radj50
1 4229 rs76127800 35628705 1 0.0035248522654635615 0.299315 Radj50
10 6196 rs117690865 57142079 1 0.0034216967785878462 0.259382 Radj50
2 5652 rs75516527 47067353 1 -0.003359416080107646 0.164782 Radj50
5 8031 rs171711 86471345 1 0.003344661565202971 0.934508 Radj50
9 7368 rs117734979 96194123 1 0.0033187232514337826 0.113334 Radj50
2 7037 rs3770706 65226463 1 -0.003305494398195447 0.890389 Radj50
2 19724 rs80263293 211712979 1 -0.0032924258635525575 0.0572614 Radj50
2 9225 rs56228924 85658862 1 0.0032643338387270287 0.807383 Radj50
8 4290 rs78505933 27884253 1 -0.0032633871208384768 0.804498 Radj50
1 11027 rs4908249 102950021 2 0.003252439965847819 0.914883 Radj50
4 14908 rs6818862 158701534 1 -0.003230530651096494 0.982155 Radj50
10 12883 rs75061202 119133529 1 -0.0032166943649248486 0.780662 Radj50
4 13318 rs72714102 138052648 1 0.0031840013209469497 0.459475 Radj50
6 18363 rs76969332 155719761 1 0.0031277996194217237 0.771435 Radj50
14 7136 rs2896078 89048905 1 0.0031208383334455116 0.956746 Radj50
4 9880 rs35719513 100260783 1 0.003025301873990003 NA Radj50
10 14162 rs7912924 130939211 2 0.0030167399831782255 0.875479 Radj50
10 6567 rs111754174 62246400 1 -0.0029834877273127508 0.651245 Radj50
10 9938 rs11187233 94739383 1 0.0029510176848926125 0.173268 Radj50
7 1352 rs75403309 9328127 1 -0.002942784914874338 0.408234 Radj50
3 2130 rs1156568 14446545 1 0.00291168697167814 0.777114 Radj50
9 7581 rs78270905 99344367 2 0.0028847968436183655 0.963472 Radj50
5 14578 rs72797239 151998899 1 -0.0028748924491672433 0.913553 Radj50
12 8083 rs143578267 83670920 1 -0.002813820155274251 0.0798345 Radj50
18 1072 rs8087367 7238619 1 0.002804450856871163 0.850516 Radj50
2 5873 rs72827284 49268280 1 0.002775583440836692 0.584953 Radj50
20 7603 rs6011505 61604773 1 0.0027722715221957126 0.884492 Radj50
5 6985 rs55674784 73156002 1 -0.002764397335223913 0.0909682 Radj50
10 6202 rs78270405 57204964 1 -0.0027434261266425196 0.0907628 Radj50
5 16658 rs2644662 174968649 1 -0.0026659504670972336 0.728088 Radj50
3 10521 rs2317339 100796683 1 0.0026577618079378093 0.963685 Radj50
3 16262 rs73180246 171697302 2 0.0026428579589378547 0.925601 Radj50
6 16133 rs140836920 138628503 1 0.0026297753281706473 0.0020582 Radj50
3 4987 rs6766936 40500933 1 0.002619914437847574 0.791019 Radj50
22 2150 rs11912486 34145596 1 0.002600153198485251 0.915425 Radj50
8 11791 rs72682627 110253859 1 -0.0025874871668438324 0.556984 Radj50
3 18913 rs80216934 190631095 1 -0.0025873205448436374 0.0736116 Radj50
5 15188 rs186100669 160113099 1 -0.0025834937735370873 0.0270843 Radj50
1 521 rs1817914 4367922 1 -0.002571867703736886 0.604508 Radj50
6 4715 rs140451451 30080441 1 -0.0025576414858711496 NA Radj50
11 9561 rs78611822 90179161 1 0.002533927966747891 0.806751 Radj50
1 741 rs7521197 5758772 1 0.002515432120973343 0.923195 Radj50
12 521 rs75158778 3346825 1 0.002482186630446336 0.125161 Radj50
9 3606 rs117630423 27065690 1 0.0024733119445738564 0.076923 Radj50
16 7341 rs35085250 74233216 1 -0.002415112865301462 0.91355 Radj50
19 1711 rs118029702 8634279 1 0.002399995809757881 0.404559 Radj50
1 19040 rs12129489 211784213 2 0.0023945188914989745 0.899016 Radj50
3 7018 rs2594139 60808825 1 -0.002388586028115102 0.706323 Radj50
8 13554 rs7386167 128568712 1 0.0023810345517328783 0.860709 Radj50
6 17206 rs76782436 147978656 1 -0.002379694023160578 0.0261398 Radj50
18 6156 rs8094635 56948478 1 -0.0023735992996038054 0.982773 Radj50
12 6099 rs1725357 56129803 2 -0.0023732822852681507 0.873861 Radj50
16 3723 rs7197564 25753011 1 -0.002361913555405953 0.885923 Radj50
9 7206 rs72739455 93790736 1 0.0023577577799131118 0.95124 Radj50
18 1151 rs16952603 7872920 1 -0.0023540434521761564 0.805859 Radj50
2 23662 rs141249079 241569447 1 0.0023288489349647793 NA Radj50
9 4848 rs11792999 39154913 1 0.0023143564328686403 0.347513 Radj50
15 697 rs12913832 28365618 1 0.0023064421927506936 0.977213 Radj50
2 6083 rs13015643 52369737 1 0.0023012543458269135 0.855259 Radj50
8 2929 rs73198106 17427725 1 0.002290263534192042 0.952451 Radj50
11 11909 rs117076720 110176577 1 -0.002258878910592149 0.411143 Radj50
5 15769 rs60517856 168221405 1 -0.00225314287065114 0.835981 Radj50
1 5955 rs113641619 51643319 1 -0.0022392280863394 0.899055 Radj50
20 2544 rs61737094 17596582 1 0.002237360562100321 0.0142029 Radj50
3 11752 rs17607065 114013845 1 -0.0022070550462853548 0.708149 Radj50
1 20068 rs1857105 219272930 1 -0.0022059882066148137 0.904696 Radj50
18 7977 rs34858967 73550547 1 -0.002193985144813195 0.0840789 Radj50
15 8813 rs112212028 99538491 1 -0.0021885683522351205 0.242839 Radj50
12 10423 rs117033005 103567245 1 -0.0021871456643439337 0.26151 Radj50
16 9626 rs11640000 86049947 1 -0.0021870794530101127 0.952919 Radj50
3 9419 rs13061527 85151828 1 -0.0021791655875478522 0.961244 Radj50
14 1884 rs149121781 35596805 1 0.0021696456807114217 NA Radj50
8 4020 rs118138958 25899093 1 0.0021675289899958693 0.452274 Radj50
22 4490 rs10427830 49843524 1 0.002166896945511746 NA Radj50
12 1762 rs4763870 12902011 1 -0.002163973503555687 0.548169 Radj50
2 12283 rs55680831 127489320 1 -0.0021166460636417323 0.873901 Radj50
15 5941 rs140176050 75499807 1 0.0021107690613154286 NA Radj50
9 3157 rs1063192 22003367 1 0.0021082041001319867 0.978879 Radj50
15 6665 rs117216581 81152198 1 0.0020742202513070766 0.0533171 Radj50
1 5455 rs74501338 44844971 1 -0.0020709820534091884 0.607339 Radj50
17 3584 rs10512442 31275005 1 -0.0020617635256040224 0.86561 Radj50
6 6200 rs3830076 32096244 1 -0.002050674856635977 0.493499 Radj50
5 13716 rs2961692 141564716 2 0.002045787712776486 0.879107 Radj50
16 3237 rs76621572 20384729 2 0.0020253363701328913 0.219647 Radj50
20 4697 rs118124921 42125484 1 -0.002012189273222292 0.853078 Radj50
15 6134 rs117629392 77413203 1 -0.0020083967812723987 0.137116 Radj50
18 273 rs118148610 2129904 1 0.0020061128822840835 0.645699 Radj50
17 781 rs187632995 4495663 1 -0.0019972342753725955 NA Radj50
4 16913 rs922028 180787754 1 0.0019923153282403335 0.990611 Radj50
3 13557 rs9289474 134236449 1 0.001971460052222205 0.991681 Radj50
8 3493 rs13255593 21352038 2 -0.001960025973418756 0.965768 Radj50
15 7703 rs79101792 92690154 1 0.00195997301333032 NA Radj50
17 9334 rs11150864 78532751 1 -0.0019531764087277912 0.929117 Radj50
6 16536 rs41289827 142397005 1 -0.0019512469799028201 0.0289365 Radj50
4 6066 rs10022787 56521889 2 -0.001950902542725735 0.97172 Radj50
1 12534 rs142042030 145533551 1 -0.0019144809443880808 NA Radj50
5 10211 rs116601935 110917936 1 -0.0019134836618491867 0.51846 Radj50
11 11595 rs118053355 107328818 1 0.0018960115032562099 0.908815 Radj50
16 1964 rs1077069 10754400 1 0.0018860443442954952 0.631887 Radj50
11 4676 rs4756350 36810762 1 0.001881393398628551 0.977746 Radj50
10 4716 rs11011379 38121631 1 0.0018690617096806521 0.903127 Radj50
18 1676 rs2865121 10731428 1 -0.0018686506903807104 0.854933 Radj50
19 7301 rs112327401 53955203 1 -0.0018649607532054524 0.887172 Radj50
8 323 rs6992040 1789844 1 -0.001856812806384816 0.766301 Radj50
2 20043 Affx-18980087 214118975 1 0.0018554603422937413 0.397352 Radj50
6 16779 rs2328519 144142629 1 -0.0018504826044984698 0.0154523 Radj50
7 15682 rs12719959 155152401 1 -0.001791741287133205 0.947941 Radj50
1 14139 rs76059028 164307837 1 0.0017725188907917072 0.933803 Radj50
21 4081 rs9983174 46349031 1 -0.0017685134551028501 0.815055 Radj50
11 12408 rs72998982 113910982 1 -0.0017628255828432214 0.749527 Radj50
12 2300 rs79487882 17688011 1 0.0017256837280333365 0.745787 Radj50
19 2679 rs149597626 15769605 1 -0.0017188891757720566 NA Radj50
1 11611 rs6693815 110301260 1 0.0017089127344776065 0.965075 Radj50
6 19140 rs76841061 161472028 1 -0.0017087548936424398 0.328961 Radj50
15 2615 rs111789844 46328718 2 0.0017011559673014958 0.811009 Radj50
22 3807 rs73173337 45978925 1 -0.0016818123555401583 0.891918 Radj50
2 5041 rs77429532 42637261 1 0.0016784647601464722 0.938344 Radj50
3 14746 rs11710845 150065280 1 0.0016781547368627983 0.984645 Radj50
3 16978 rs17631673 177198248 1 -0.001669495679310957 0.973778 Radj50
2 5960 rs115850346 50745190 1 -0.0016641815809773995 0.423882 Radj50
18 6105 rs12458104 56719180 1 -0.0016624935271796347 0.746499 Radj50
19 1462 rs622989 7574308 1 0.0016533391773079623 0.949259 Radj50
8 7908 rs17672657 70917592 1 0.0016520496764014145 0.807685 Radj50
11 4850 rs72960946 38446971 1 -0.0016477271365872008 0.0228739 Radj50
4 9760 rs80161716 99169914 1 0.001642320951798262 0.2295 Radj50
11 7627 rs77059339 72912090 1 0.0016367074939756892 0.0809209 Radj50
10 435 rs2454818 3001065 2 -0.0016346267734879908 0.87195 Radj50
1 9444 rs116651589 88685132 1 -0.001634284093426119 0.900481 Radj50
1 18335 rs201261502 206670654 1 0.0016327079623010138 0.884073 Radj50
1 15367 rs1999068 179560718 1 0.0016072813847452054 0.969625 Radj50
5 570 rs73733771 3329664 1 -0.0016009692509317715 0.858938 Radj50
13 5588 rs9530143 73639371 1 0.0015902657348571658 0.965532 Radj50
3 6352 rs142681887 53966015 1 0.0015877464464333277 0.748072 Radj50
1 4528 rs72657713 37839088 2 0.001585973887752223 0.970341 Radj50
8 12237 rs10093354 115863500 1 -0.0015843829532474897 0.968996 Radj50
2 13951 rs75267023 151598274 1 0.001582604646729191 0.748954 Radj50
3 7298 rs62252074 63436958 1 0.0015724585270064663 0.753038 Radj50
3 10479 rs1143774 100475568 1 -0.0015702996476517656 0.984447 Radj50
1 10408 rs61786355 97772282 1 0.0015699662447427637 0.370189 Radj50
16 4382 rs117866638 35025324 1 -0.0015647831576975628 0.268742 Radj50
22 2811 rs142152598 38211173 1 -0.0015603537509250936 NA Radj50
5 7211 rs873787 75843577 1 0.0015566603132441807 0.898257 Radj50
8 4087 rs139123217 26481822 1 -0.001555581381065027 NA Radj50
2 21471 rs12463829 224407558 1 0.0015473416279082315 0.0323161 Radj50
3 14932 rs1464593 152737318 1 -0.0015399071363287125 0.681965 Radj50
14 8741 rs72713985 100949514 1 0.0015090106254679362 0.152646 Radj50
1 12681 rs1044808 149871905 1 -0.0015076794511506523 0.972189 Radj50
7 937 rs77599410 6291239 1 0.0015064533954790389 0.303269 Radj50
19 7734 rs149164646 56424305 1 0.0015023621088201852 NA Radj50
17 3585 rs9895463 31312527 1 0.0015023350130779537 0.948088 Radj50
1 12568 rs116836731 146535638 1 0.0015014388077637729 0.927216 Radj50
3 3266 rs12637175 24722308 2 0.0014893366161127372 0.771558 Radj50
6 4522 rs1610601 29700183 2 -0.0014834096399782696 0.994312 Radj50
10 7761 rs1259604 77119065 1 0.0014793576560708879 0.907549 Radj50
13 7831 rs9518233 101606651 1 -0.001474688441783591 0.958355 Radj50
1 1093 rs2274326 9009214 1 0.0014705428271321731 0.969867 Radj50
2 1150 rs11899670 8618836 1 0.0014460314202612277 0.51702 Radj50
10 7755 rs1891677 77008030 1 -0.0014444162580191616 0.0110349 Radj50
12 12714 rs116961756 121781489 1 0.001438000563600185 0.224401 Radj50
21 3429 rs117579498 41844988 1 -0.0014374561039600402 0.465963 Radj50
17 754 rs9898457 4429147 1 -0.0014291542111032414 0.700477 Radj50
4 17570 rs55927126 184802250 1 0.0014143682449428055 0.899055 Radj50
15 2546 rs56222592 45706328 1 -0.0014098525415237502 0.391174 Radj50
4 10840 rs17040904 110772711 1 0.0014066969740553965 0.928592 Radj50
13 5842 rs17063992 75793457 1 -0.0013915082788847424 0.802238 Radj50
16 2577 rs11860979 14071253 1 0.0013830614018538905 0.978216 Radj50
7 14040 rs6963420 137571923 1 0.0013799230642399583 0.555488 Radj50
2 11783 rs2278503 120988498 1 0.0013683477344471812 0.913673 Radj50
6 7707 rs76527667 40790690 1 -0.0013643471498298114 0.427914 Radj50
6 5077 rs1264362 30776590 1 -0.001357509067883977 0.993873 Radj50
6 12041 rs117327975 87018096 1 -0.0013568752713466231 0.527968 Radj50
1 5935 rs112446754 51172469 1 0.0013560085312498626 0.973517 Radj50
7 12016 rs10280709 117613109 1 0.0013557580213008266 0.94459 Radj50
10 3773 rs16929808 29468543 1 -0.0013492641942515111 0.878318 Radj50
17 6606 rs144635826 56283734 1 0.0013429517720205991 0.0142711 Radj50
14 1530 rs79162176 32697327 1 -0.001338422989358863 0.915601 Radj50
10 13532 rs17678853 125540177 2 0.0013309142769680144 0.30358 Radj50
10 12947 rs10787800 119600495 1 0.0013243065494443645 0.88568499999999994 Radj50
18 8045 rs586692 74188768 1 0.001318628051702419 0.751969 Radj50
1 9290 rs6576874 87675036 1 0.0013179963758087711 0.950862 Radj50
4 6163 rs147212000 57250442 1 0.0013163018546000864 0.0157509 Radj50
15 3815 rs117803799 59431200 1 -0.0013047545661153007 0.583646 Radj50
3 13244 rs145581290 130188161 1 0.0012949204163783356 0.0761608 Radj50
9 7316 rs2296667 95274338 1 0.001289542511699585 0.989437 Radj50
19 2453 rs139113505 14499616 1 0.0012851426313574231 0.127497 Radj50
22 1891 rs201975358 32111456 1 -0.0012820368783786305 0.243758 Radj50
1 3029 rs34671368 23880912 1 -0.0012715351052280442 0.880824 Radj50
8 14413 rs79889160 137058821 1 0.0012715007777373715 0.676935 Radj50
3 18893 rs6778322 190527021 1 -0.001268695539769251 0.960906 Radj50
3 7684 rs2363712 67426600 1 0.0012600167254558947 0.948565 Radj50
9 11529 rs12555734 129411242 1 -0.0012499868224464376 0.902498 Radj50
9 2908 rs2209797 19591691 1 0.0012448672353054299 0.764473 Radj50
10 12923 rs17639656 119493705 1 -0.0012376341091151102 0.618571 Radj50
11 7742 rs72979230 74354146 1 0.0012301268917372854 0.329368 Radj50
9 8483 rs2437811 107680458 2 0.0012272672576968927 0.548455 Radj50
15 7401 rs117209589 90127775 2 -0.0012231614644398474 0.945568 Radj50
1 18832 rs76067112 209861095 1 0.0012224059740796804 NA Radj50
8 1121 rs117588162 5355810 1 0.0012220047863033092 0.208888 Radj50
16 539 rs62032310 2973568 1 0.0012199261758767785 0.796672 Radj50
4 4806 rs12499840 40592629 1 -0.0012176524973109657 0.894097 Radj50
7 7845 rs13229506 78364154 1 -0.0012157580513138294 0.820099 Radj50
4 2902 rs77233244 22418804 1 0.0012101545655467353 0.869619 Radj50
1 3704 rs74886700 31844441 1 0.0012041319429269444 0.213328 Radj50
11 9124 rs72955481 86321718 1 0.0012039834939898643 0.903985 Radj50
22 1031 rs78807374 26031613 1 0.0012033728428245043 0.0540503 Radj50
4 12384 rs114589928 125592869 1 0.0011962055574005605 0.905513 Radj50
4 16669 rs72702775 179162634 1 0.0011872516143113195 0.181392 Radj50
1 8762 rs114795198 82923528 1 0.0011817041251511295 0.824999 Radj50
9 522 rs111251176 2911765 1 -0.0011775305437656826 0.709517 Radj50
1 5798 rs12411097 48532040 1 -0.001176494172733334 0.879672 Radj50
8 8425 rs17420915 76926301 1 0.0011760185887345492 0.963971 Radj50
8 7307 rs4738919 62673675 1 -0.0011754514993091224 0.934634 Radj50
20 800 rs6052761 4657017 1 0.0011707546709970626 0.77365 Radj50
17 542 rs16953127 3427705 1 -0.0011639428498601183 0.216131 Radj50
12 11356 rs118034859 110547996 1 0.0011627094656043884 0.960227 Radj50
12 343 rs34534613 2224449 1 0.0011525744392488035 0.0109296 Radj50
2 2315 rs75609318 18275312 1 0.0011400018403501903 0.122095 Radj50
5 4034 rs116740766 37820603 1 0.0011367304960039958 0.681811 Radj50
2 1850 rs79076882 14534137 1 0.001131584308041265 0.0305955 Radj50
18 8033 rs117566743 74092242 1 0.0011307187790775392 0.771349 Radj50
9 8076 rs16920763 104553765 1 -0.001127145914252845 0.877175 Radj50
16 6873 rs7200919 67316600 1 0.0011257072425081179 0.978698 Radj50
6 3390 rs55697625 24787836 1 -0.0011245389996061151 0.226927 Radj50
2 20872 rs149363094 220078564 1 0.0011219978653052895 0.500436 Radj50
10 12522 rs138050139 115380419 1 -0.0011160225045940826 NA Radj50
10 5327 rs11598891 50086567 1 -0.0011114824484396994 0.563598 Radj50
2 14977 rs121917956 166848003 1 0.0011113383356333218 0.0496564 Radj50
14 4356 rs4902100 62549819 1 -0.0011104710214481321 0.88616 Radj50
3 6808 rs80077668 59319159 1 0.0011096307722216069 0.770106 Radj50
11 5887 rs1685404 47243665 1 0.0011076815729153216 0.853618 Radj50
16 7388 rs79640741 74846353 1 0.001106012997433876 0.798488 Radj50
10 3627 rs12356998 27801608 2 -0.0011050614725803777 0.964215 Radj50
7 10445 rs73183770 103583059 1 -0.0011037543742731253 0.195509 Radj50
3 13885 rs9845929 139404858 1 0.0011033074060325012 0.95802 Radj50
2 3350 rs10188412 29000287 1 -0.0011029406656313805 0.981827 Radj50
10 13788 rs117844375 127921106 1 0.0011028411058809071 0.321975 Radj50
1 9878 rs74652737 92495178 1 -0.0011026419208268552 0.903164 Radj50
12 3902 rs79793444 33826373 1 0.0011020599628372167 0.0683404 Radj50
8 4144 rs77243908 26908652 1 0.0011004487396503878 0.741199 Radj50
9 12751 rs2590504 138365495 1 0.0011003297090518827 0.405636 Radj50
15 7461 rs118101777 90630704 1 0.0010996104900969582 NA Radj50
5 14368 rs6869634 149616719 1 -0.0010966959256285642 0.786589 Radj50
3 18158 rs2036373 186570191 1 -0.0010953708616763397 0.637542 Radj50
10 3638 rs2815568 27985230 1 -0.0010914750544353583 0.277686 Radj50
8 10071 rs2514801 95159158 1 0.0010907782546269507 0.776722 Radj50
10 863 rs184954504 5788373 1 0.0010895684572865417 NA Radj50
16 8944 rs77045159 83547483 1 -0.0010864620374336864 0.94681 Radj50
11 14655 rs661820 133932652 1 0.0010856831970914717 0.815809 Radj50
1 13348 rs11264525 156658926 1 -0.001083063530579278 0.793492 Radj50
13 4439 rs78276390 61618952 1 -0.001077943932873694 0.927972 Radj50
5 5707 rs77961980 57133093 1 0.0010724377875698788 0.0903695 Radj50
4 11167 rs72669658 113744857 1 0.0010693011678525974 0.418668 Radj50
2 5817 rs72824125 48808125 1 0.001059850032237106 0.255116 Radj50
4 5330 rs6824174 45946141 1 -0.0010588909214365625 0.944872 Radj50
6 15622 rs117526595 135071613 1 -0.0010577173826368347 0.00652468 Radj50
7 10058 rs35638378 100403131 1 -0.0010518111350397374 0.332914 Radj50
16 3362 rs79586543 22035135 3 -0.0010483516357081021 0.985478 Radj50
17 4571 rs149383385 38925270 1 -0.0010480649849309142 NA Radj50
5 7163 rs62362228 75349512 1 -0.0010426891862681145 0.296883 Radj50
4 4779 rs2292039 40427990 1 -0.001036494409835973 0.761572 Radj50
7 4503 rs56950249 36590436 1 -0.0010290906402114113 0.945516 Radj50
16 2812 rs77828556 16946521 2 -0.0010287223820021425 0.717917 Radj50
6 18942 rs4709347 159951925 1 -0.0010282598121553695 0.323386 Radj50
14 7741 rs138209155 94953767 1 0.001024986112316649 NA Radj50
14 1774 rs2035423 34451956 1 -0.0010188111651959967 0.907732 Radj50
2 362 rs10165434 2720133 1 -0.001018540039580168 0.909487 Radj50
14 133 rs79884365 21056232 1 0.0010159779976432796 0.971497 Radj50
2 14834 rs10192119 164581241 2 -0.001014081222819708 0.986219 Radj50
16 9019 rs138675420 83948656 1 -0.0010103297963776306 NA Radj50
13 7297 rs74735513 94976402 1 -0.0010097332501893762 0.421984 Radj50
2 9887 rs115257107 100181858 1 0.0010093194430394717 0.0907382 Radj50
11 12620 rs976947 115463786 2 0.0010040697688854694 0.918168 Radj50
10 10075 rs7897783 95521692 1 -0.0010021474538878506 0.720097 Radj50
6 2383 rs10949397 17048176 1 -0.0010018698125545844 0.709138 Radj50
6 18350 rs117426532 155649545 1 9.996699474664875e-4 0.844099 Radj50
10 6432 rs12781869 60650592 1 9.925712386156973e-4 0.325482 Radj50
14 9014 rs79075471 102476052 1 -9.881235323582031e-4 0.938039 Radj50
14 494 rs35143092 23239694 1 9.85686871527797e-4 0.149508 Radj50
17 7127 rs72838295 64460330 1 9.850103725601736e-4 0.846985 Radj50
4 6183 rs74476747 57398920 1 -9.798480632500987e-4 0.940013 Radj50
2 2325 rs2011027 18351537 1 9.77463506019707e-4 0.171585 Radj50
5 574 rs6887928 3355269 1 9.745983611367884e-4 0.754543 Radj50
12 9858 rs74440450 98992064 2 9.617156553787802e-4 0.977729 Radj50
2 17591 rs115148602 192008636 1 9.609981871502062e-4 0.412377 Radj50
17 1744 rs12150284 10031090 1 -9.579762456607841e-4 0.916016 Radj50
11 12991 rs80295084 117588346 1 9.536299247632019e-4 0.541956 Radj50
6 4632 rs3823363 29943715 1 -9.528385542778913e-4 0.995625 Radj50
6 4497 rs3129063 29645613 1 9.480832052277368e-4 0.992445 Radj50
17 5088 rs58089352 42934415 1 -9.449443077067405e-4 0.652317 Radj50
20 932 rs805751 5647738 1 9.399612551421018e-4 0.227179 Radj50
3 17422 rs10937067 181586376 1 -9.378459164542437e-4 0.149516 Radj50
10 10260 rs117998816 97325126 2 -9.333189285352729e-4 0.969996 Radj50
14 849 rs1241513 25622059 1 9.295304691172579e-4 0.46197 Radj50
13 3152 rs1536944 44852696 1 9.283636548239021e-4 0.98186 Radj50
17 7915 rs60089595 71977137 1 9.263543091728391e-4 0.868304 Radj50
20 1084 rs6054512 6761512 1 9.243718423523733e-4 0.936025 Radj50
10 14117 rs80221064 130670468 1 -9.230997370573953e-4 0.652084 Radj50
22 102 rs737971 17785300 1 -9.229291131009178e-4 0.886302 Radj50
5 7383 rs115534748 77942707 1 -9.21150106510747e-4 0.0342477 Radj50
4 7008 rs116264298 68361955 1 9.176570116205502e-4 0.848629 Radj50
2 19203 rs78828043 206852963 1 9.129591112760807e-4 0.231557 Radj50
1 12540 rs149985268 145560893 1 -9.089850307837183e-4 NA Radj50
10 4363 rs139550735 34671513 1 9.040129450408437e-4 NA Radj50
11 7592 rs3781931 72327205 1 9.021272326181735e-4 0.964255 Radj50
15 4167 rs7182033 62407322 1 -9.000364953668178e-4 0.86842 Radj50
11 10584 rs2566390 98693192 1 -8.984727562775276e-4 0.962059 Radj50
3 13176 rs144843366 129289978 1 -8.963113201631854e-4 0.095126 Radj50
8 13108 rs117229732 123795683 1 8.941082341858206e-4 0.918203 Radj50
11 1302 rs117586375 7322823 1 -8.933582812617061e-4 0.0238044 Radj50
16 127 rs187664088 733572 1 8.932378029319246e-4 0.147187 Radj50
10 14128 rs74968539 130723537 1 -8.834061928782555e-4 0.335524 Radj50
1 23629 rs78811906 248435253 1 8.791639037119525e-4 0.979694 Radj50
9 1343 rs79142426 8153205 1 8.785385651621279e-4 0.0623618 Radj50
4 15260 rs79918611 163610045 1 8.73005276682607e-4 0.605202 Radj50
22 1424 rs117537977 27835627 1 8.714784391305389e-4 0.220958 Radj50
5 6779 rs72763695 68304543 1 8.704375223981377e-4 0.13471 Radj50
3 3144 rs62256975 23605098 2 -8.665353709173331e-4 0.886238 Radj50
10 1791 rs11555898 12292413 1 -8.649457696104848e-4 0.220573 Radj50
6 3735 rs12205700 27226067 1 -8.625074764669135e-4 0.282165 Radj50
16 6826 rs6499069 66375505 1 8.555407709660824e-4 0.302363 Radj50
11 10637 rs17133189 99041145 1 8.408954112117305e-4 0.817929 Radj50
1 298 rs10752733 3104630 1 8.408050722054344e-4 0.704748 Radj50
2 14983 rs11890028 166943277 1 8.371373579642872e-4 0.906247 Radj50
13 8248 rs34048655 104788373 2 -8.370609625840888e-4 0.973089 Radj50
9 2524 rs17743955 16836893 1 8.36711626313539e-4 0.201458 Radj50
9 12899 rs200394508 139369816 1 8.366502402554568e-4 NA Radj50
11 1590 rs72550808 9068979 1 8.347384753374691e-4 0.873826 Radj50
20 6690 rs118187059 55377495 1 8.321185752974636e-4 0.151113 Radj50
2 9285 rs10193207 86148796 1 8.317014563683235e-4 0.969367 Radj50
16 137 rs148595483 774193 1 8.30400961915987e-4 0.0153738 Radj50
15 7867 rs11857333 93807754 1 8.243175677440923e-4 0.960154 Radj50
2 20182 rs78605655 215638598 1 -8.218551158235075e-4 0.951887 Radj50
12 12896 rs79134187 124228414 1 8.214291369723666e-4 NA Radj50
11 46 rs7105244 358704 1 -8.180650143439248e-4 0.823427 Radj50
8 3495 rs34649266 21358195 1 8.166722817253867e-4 0.764911 Radj50
19 2142 rs182487066 12089241 1 -8.144315900714601e-4 NA Radj50
17 7808 rs78484494 71294458 1 -8.125678160204826e-4 0.413485 Radj50
7 7166 rs62458107 68099497 1 8.121953900852083e-4 0.757564 Radj50
19 4953 rs75993371 39761292 1 -8.117135061130543e-4 0.322399 Radj50
2 9206 rs4247303 85554080 1 -8.085813109463032e-4 0.989042 Radj50
13 6765 rs77282176 85917626 1 8.082766555785536e-4 0.414807 Radj50
1 11038 rs4907974 103021627 1 8.08010098696706e-4 0.965131 Radj50
14 4492 rs4902214 63670903 1 -8.077643069051441e-4 0.828562 Radj50
17 2283 rs77068586 13550680 1 -8.064687273742915e-4 0.927161 Radj50
1 20082 rs12755547 219577016 1 8.057552165788712e-4 0.970323 Radj50
1 56 rs71628941 1069653 1 -7.949773009067213e-4 0.839688 Radj50
13 7128 rs61049392 92912924 1 -7.931208566324665e-4 0.660073 Radj50
9 4876 rs112491727 70973695 1 -7.926689593593902e-4 0.839704 Radj50
14 8561 rs807736 99690907 1 7.910091352790645e-4 0.814348 Radj50
15 9011 rs4246304 100747201 1 7.889758467622412e-4 0.691319 Radj50
6 134 rs9328514 951816 1 -7.867081052601669e-4 0.858372 Radj50
4 10570 rs115246942 108205181 1 -7.861651236883073e-4 0.835746 Radj50
16 6498 rs16964607 62416478 1 -7.803592144170591e-4 0.646906 Radj50
11 4529 rs57800156 36020569 2 -7.76857575455317e-4 0.918988 Radj50
15 7330 rs1814992 89510902 1 -7.720694730492625e-4 0.942392 Radj50
1 3761 rs640991 32480657 1 -7.707709047369962e-4 0.643499 Radj50
11 3196 rs10766789 21378172 1 7.706264189342734e-4 0.749993 Radj50
12 142 rs149388376 970413 1 7.698826457250656e-4 NA Radj50
7 6032 rs79834369 48318242 1 7.688227956618395e-4 0.0604067 Radj50
8 12639 rs116976153 119279846 1 7.671500217410133e-4 0.788043 Radj50
20 2387 rs6080335 16605010 2 7.583958714328409e-4 0.8214 Radj50
7 13845 rs145562868 134849422 1 7.558292548050164e-4 NA Radj50
19 2557 rs11671521 15025658 1 7.545143766016631e-4 0.0929258 Radj50
5 2766 rs80072685 22612031 1 -7.540463339476633e-4 0.73487 Radj50
2 8250 rs72813316 76902054 1 -7.520467549285483e-4 0.781922 Radj50
2 10852 rs72826929 108440519 1 7.506228116324204e-4 0.727998 Radj50
14 1 rs117509976 19336265 1 7.486877054894761e-4 0.0502244 Radj50
13 3249 rs6561219 45866024 1 -7.483040543098076e-4 0.920255 Radj50
2 18022 rs74413055 196168161 1 7.481301840269129e-4 0.857661 Radj50
12 7110 rs10506569 70097865 1 -7.450083943852046e-4 0.919285 Radj50
10 12930 rs12770865 119523035 1 -7.437649509130469e-4 0.415477 Radj50
6 7701 rs6930345 40765560 2 7.384905370979443e-4 0.864528 Radj50
2 23536 rs12476779 240662813 1 7.371177932801288e-4 0.821587 Radj50
5 1523 rs13171775 9799765 1 7.358906040020178e-4 0.225143 Radj50
6 7764 rs41273772 41166155 1 -7.354657342824867e-4 0.919258 Radj50
4 11108 rs7658770 113240137 1 7.352004143661211e-4 0.732678 Radj50
7 14965 rs141430858 148949817 1 7.350592015478252e-4 0.0635524 Radj50
2 10638 rs4627591 106460814 1 7.334232960398121e-4 0.960594 Radj50
10 8972 rs2488634 86351634 1 7.32543131264244e-4 0.724603 Radj50
20 3506 rs6083824 25363057 1 -7.263069939391612e-4 0.992735 Radj50
5 3304 rs76145452 27847229 1 7.25581172190026e-4 0.915047 Radj50
6 8144 rs138057759 43411992 1 7.174033932606787e-4 0.00164643 Radj50
9 6649 rs78971890 87573079 1 7.156613869646283e-4 0.339424 Radj50
1 22277 rs72763467 236070380 1 7.153275341697224e-4 0.638656 Radj50
9 9326 rs3739448 113192773 1 7.148588627451235e-4 0.843828 Radj50
15 1571 rs9806189 36683276 1 -7.120826785776046e-4 0.766996 Radj50
1 18533 rs589250 208169771 1 7.108514309091031e-4 0.597209 Radj50
10 7790 rs17699290 77489277 1 -7.101954898822697e-4 0.869415 Radj50
5 10391 rs62372743 112526403 1 -7.085239108422943e-4 0.807994 Radj50
10 3689 rs79712452 28707208 1 7.063349134151459e-4 0.872607 Radj50
1 18448 rs76132584 207348197 1 7.048919036423816e-4 0.829899 Radj50
12 7068 rs10748121 69542942 1 -6.994020127950043e-4 0.953475 Radj50
12 12618 rs757123 120800823 1 -6.980839920705713e-4 0.953684 Radj50
8 1518 rs34914251 6828890 1 6.973993081754113e-4 0.412565 Radj50
2 16426 rs142951505 179647533 1 -6.961936586482528e-4 NA Radj50
16 9252 rs12920021 84593371 1 6.957412291674289e-4 0.465532 Radj50
9 2888 rs6475335 19478606 2 6.955473875564599e-4 0.959352 Radj50
7 5898 rs74500331 47488467 1 -6.952440152515225e-4 0.875079 Radj50
19 6447 rs76576741 49270230 1 6.928368157513207e-4 0.416023 Radj50
7 2678 rs73076588 20681416 1 6.927446665737137e-4 0.157565 Radj50
13 6991 rs117916887 90645657 1 6.925713976627951e-4 0.948139 Radj50
4 16541 rs12639921 178064403 1 -6.90246651975932e-4 0.883182 Radj50
6 864 rs74967539 5394016 1 6.883852287749135e-4 0.668566 Radj50
15 5129 rs72743930 69879716 1 6.877649025000536e-4 0.147684 Radj50
6 18215 rs1538340 154825116 1 -6.859123349476466e-4 0.700635 Radj50
12 7072 rs118103103 69586030 1 -6.851093679445166e-4 0.365074 Radj50
2 8103 rs139528653 75616021 1 -6.848989896293854e-4 0.559393 Radj50
16 3240 rs7195740 20408761 1 6.782471071193888e-4 0.84026 Radj50
15 7320 rs149540064 89424612 1 6.751104670364033e-4 NA Radj50
6 8381 rs9472320 44633413 1 -6.726608682612637e-4 0.325998 Radj50
4 16251 rs77839437 175743966 1 -6.706621791426887e-4 0.937986 Radj50
1 19895 rs72734577 218266142 1 6.686152697087796e-4 0.947172 Radj50
1 12238 rs2764851 117548322 1 6.656781542690096e-4 0.826228 Radj50
6 6088 rs112046281 31769614 1 -6.639237511691117e-4 0.892198 Radj50
14 4113 rs150511705 60587953 1 -6.632616186617697e-4 0.024505 Radj50
6 2331 rs79107575 16719673 1 6.603440695287972e-4 0.163833 Radj50
3 16643 rs76384726 174690217 1 6.563168861962342e-4 0.955823 Radj50
1 12755 rs267733 150958836 1 6.512888198999799e-4 0.933411 Radj50
8 1845 rs117791187 10725102 1 6.506353620261953e-4 0.0117728 Radj50
10 4647 rs2463223 37235393 1 -6.462211994482075e-4 0.976438 Radj50
1 2981 rs74616940 23229984 1 6.455442530357086e-4 0.682601 Radj50
7 7579 rs111457769 74482794 1 6.431847467251196e-4 0.875486 Radj50
1 986 rs228697 7887579 1 -6.418142285179537e-4 0.987267 Radj50
2 7388 rs114479296 69223296 1 6.391006395311895e-4 0.396456 Radj50
3 18092 rs6767055 186193436 1 -6.386732454114627e-4 0.956575 Radj50
4 12516 rs4077738 126749905 1 6.375283476293675e-4 0.841103 Radj50
13 6805 rs61968777 86549170 1 -6.366932319413516e-4 0.891075 Radj50
1 19463 rs144237457 214815298 1 -6.330066569560091e-4 NA Radj50
12 7533 rs77279324 76593184 1 6.301809494805891e-4 0.953381 Radj50
12 7060 rs61928698 69501761 1 6.24235893951488e-4 0.858926 Radj50
10 4650 Affx-35517038 37276377 1 6.226447943504779e-4 NA Radj50
12 7111 rs77061420 70143711 1 -6.1989881098266e-4 0.860058 Radj50
5 12637 rs17166463 132590360 1 6.196848501890083e-4 0.837404 Radj50
17 263 rs34582191 1391797 1 6.176805073787488e-4 0.740502 Radj50
12 4458 rs61927560 43616907 1 6.1446013849049e-4 0.528286 Radj50
1 22349 rs500585 236450942 1 -6.117170078983601e-4 0.906362 Radj50
3 9242 rs1869518 82648518 1 -6.08632243062392e-4 0.967857 Radj50
2 23772 rs36062967 242663615 1 -6.082340881726872e-4 0.068021 Radj50
8 14681 rs77462202 140257104 1 6.061741744387477e-4 0.973534 Radj50
15 4192 rs12906059 62593210 1 6.060720172731156e-4 0.864312 Radj50
12 4696 rs12369853 45699287 1 6.042482627733714e-4 0.874337 Radj50
4 9699 rs2525795 97908904 1 -6.005307933290013e-4 0.558702 Radj50
7 7840 rs112910342 78309286 1 -5.9702198277242e-4 0.810826 Radj50
16 1657 rs11077278 8310880 1 -5.960648729994191e-4 0.842153 Radj50
3 358 rs9854419 2426632 1 -5.959183503437355e-4 NA Radj50
6 19611 Affx-28131422 164636192 1 -5.947715536447539e-4 0.44934 Radj50
1 15853 rs76059714 184621570 1 -5.929616544492903e-4 0.93366 Radj50
2 16838 rs72892744 183407485 1 5.922742478750265e-4 0.0178562 Radj50
1 5803 rs76004858 48545156 1 5.884598165260269e-4 0.734437 Radj50
8 331 rs7826500 1841213 1 -5.880489420432837e-4 0.931981 Radj50
7 8385 rs10235789 83656800 1 5.873867236857851e-4 0.983252 Radj50
18 8584 rs117002426 76834577 1 5.817669445506466e-4 0.956606 Radj50
3 12947 rs139162708 126137547 1 5.813170879149742e-4 0.0193536 Radj50
14 3956 rs117374605 59300055 1 5.812002908808149e-4 0.104871 Radj50
17 2605 rs117343741 15751356 1 5.764013089236677e-4 0.98071 Radj50
1 1492 rs150830522 11894592 1 -5.763943057669584e-4 NA Radj50
12 2577 rs10734691 19793979 1 5.747190505589932e-4 0.900518 Radj50
12 5408 rs17860282 51740350 1 5.727852410214975e-4 0.0461739 Radj50
1 10120 rs77630498 94770125 1 5.695935672168603e-4 0.0728883 Radj50
5 12971 rs79387372 135218891 1 -5.67487885370837e-4 0.451874 Radj50
16 8535 rs78266257 81808838 1 5.650908017369145e-4 0.714162 Radj50
8 13277 rs117127725 125737252 1 5.621151932839509e-4 0.709154 Radj50
15 9136 Affx-35293512 101325948 2 -5.61740058067363e-4 0.911072 Radj50
13 3794 rs78416037 53368478 1 -5.556820653511228e-4 0.556757 Radj50
1 22908 rs116241822 241568886 1 5.547289895597601e-4 0.794811 Radj50
11 11692 rs3218674 108115587 1 -5.528535658478968e-4 0.20118 Radj50
3 8374 rs649822 73297035 1 5.522605483723751e-4 0.727059 Radj50
5 5446 rs191205 55401598 1 -5.515832167842036e-4 0.991497 Radj50
5 14797 rs73301362 155372746 1 -5.50674848007986e-4 0.704546 Radj50
17 7470 rs116950711 68016869 1 5.505332537299953e-4 0.28135 Radj50
12 8541 rs78090938 89460367 1 5.440635220636842e-4 0.39561 Radj50
4 15563 rs17505964 167015529 2 -5.431128704667687e-4 0.914194 Radj50
8 410 rs144063996 2033500 1 -5.337075762763678e-4 NA Radj50
16 64 rs142097791 354353 1 5.311954764845394e-4 NA Radj50
8 12514 rs16889566 118305206 1 5.303744024562178e-4 0.548099 Radj50
6 1657 rs6926762 11271231 1 -5.302428589834567e-4 0.165781 Radj50
3 7712 rs11127693 67709038 1 -5.293341605087524e-4 0.73988 Radj50
1 17020 rs10922198 197304361 1 5.291634369163138e-4 0.959801 Radj50
2 6278 rs4627617 54660456 2 5.28446284938635e-4 0.963019 Radj50
15 3340 rs72749243 54010102 1 -5.280663505197486e-4 0.83994 Radj50
3 12992 rs74475095 126738449 1 5.274245161936604e-4 0.585201 Radj50
16 9989 rs4461080 87269061 1 5.245668506649226e-4 0.593498 Radj50
1 6147 rs41311180 54433490 1 5.244839515572545e-4 NA Radj50
2 18587 rs114484975 201722832 1 -5.228679929848004e-4 0.0169172 Radj50
16 9241 rs12051269 84565977 1 -5.216723189213646e-4 0.759981 Radj50
3 11069 rs62263291 107113105 1 5.214988020259365e-4 0.991047 Radj50
18 5502 rs191388318 52045250 1 -5.197743617184833e-4 0.249077 Radj50
17 1891 rs1156132 11189569 1 5.193122649394717e-4 0.784634 Radj50
11 11135 rs17099786 102821497 1 -5.151406845970811e-4 0.208591 Radj50
1 11348 rs12059449 107315368 1 -5.137228781960961e-4 0.97933 Radj50
7 10526 rs116871996 104265556 1 5.130185232248523e-4 0.756125 Radj50
10 3253 rs7918259 23364530 1 -5.12931325252093e-4 0.709375 Radj50
8 3363 rs118088440 20392646 1 5.120872314262527e-4 0.260534 Radj50
1 11351 rs12097821 107336301 1 5.080124778069174e-4 0.980529 Radj50
3 3603 rs1381391 28749353 1 -5.05764913982287e-4 0.878133 Radj50
2 23106 rs6431421 236949119 1 5.04829804655e-4 0.832631 Radj50
1 21142 rs77559973 228958748 1 5.037470336902618e-4 0.875143 Radj50
4 15668 rs112111671 168324025 1 5.035982683206946e-4 0.76291 Radj50
19 5825 rs145609489 45682571 1 5.033778805163815e-4 NA Radj50
1 10363 rs189868972 97392458 1 -5.003365005051817e-4 0.0955352 Radj50
20 6782 rs6025553 55995609 1 4.947706199900936e-4 0.944993 Radj50
3 12663 rs115111146 122809282 1 4.938613100723165e-4 0.259658 Radj50
4 10898 rs13111540 111189343 1 4.93236125592559e-4 0.968768 Radj50
4 10869 rs75435009 110942244 1 -4.914731125863764e-4 0.22771 Radj50
13 3244 rs9595242 45701319 1 4.880453535474434e-4 0.942514 Radj50
10 8191 rs77602312 80038883 1 4.804375527639234e-4 0.631582 Radj50
1 11309 rs2122609 106634336 1 -4.8014704194366696e-4 0.62493 Radj50
1 13456 rs115897109 157586811 1 -4.7831947965087593e-4 0.652547 Radj50
9 4410 rs72725026 35274620 1 -4.7604168112873004e-4 0.374585 Radj50
2 10477 rs6725560 105475330 1 -4.7034971249331e-4 0.801353 Radj50
3 10888 rs35067598 105221432 1 -4.691903414522675e-4 0.16758 Radj50
5 11465 rs76785898 121353856 1 -4.688681946824429e-4 0.225566 Radj50
12 9505 rs77264080 96398777 1 4.681385099223314e-4 0.647366 Radj50
8 643 rs73657886 3276403 1 4.654329495538359e-4 0.318458 Radj50
17 7858 rs117305900 71564411 1 -4.6326195277897217e-4 0.0403348 Radj50
2 8260 rs71420956 76978674 1 4.606031467403195e-4 0.642657 Radj50
10 3680 rs2616624 28636719 1 4.600231503480674e-4 0.904037 Radj50
1 23485 rs2642976 247092314 1 4.584151945869554e-4 0.74515 Radj50
12 13258 rs10847276 127594012 1 4.579856689850131e-4 0.975829 Radj50
20 2021 rs79801563 13969825 1 4.564465311357348e-4 0.962202 Radj50
3 6382 rs182623323 54168646 1 -4.559581982095883e-4 0.0406551 Radj50
3 8898 rs9851228 78702439 1 -4.5588938298474354e-4 0.599972 Radj50
12 2386 rs61914368 18617441 1 4.5273310650046185e-4 0.749426 Radj50
5 14983 rs115143350 157779074 1 -4.519561572328862e-4 0.0717442 Radj50
18 628 rs79012808 4379584 1 4.512463724557061e-4 0.871041 Radj50
4 18091 rs73028926 187505082 1 4.509256673164758e-4 0.519041 Radj50
1 19218 rs35976699 213147400 1 -4.5057669780788727e-4 0.921431 Radj50
2 21932 rs1950134 228062952 1 -4.5030558018868715e-4 0.944701 Radj50
10 1722 rs11591655 11737506 1 4.496289455302637e-4 0.943113 Radj50
9 8255 rs76017843 106138982 1 -4.4936041981570395e-4 0.875108 Radj50
11 4333 rs2027495 34745964 1 -4.4751445007792945e-4 0.990972 Radj50
6 14025 rs17511349 111645599 1 -4.457809827543435e-4 0.867693 Radj50
3 3131 rs73037733 23317032 1 -4.45780957412141e-4 0.720303 Radj50
10 7224 rs6480413 71400861 1 4.445937045867417e-4 0.61992 Radj50
16 2590 rs74543541 14173036 1 4.4297843680207917e-4 0.753885 Radj50
3 3954 rs73061494 31988078 1 -4.424720563081178e-4 0.881535 Radj50
11 13391 rs75576335 121973180 1 -4.414556106072623e-4 0.0660867 Radj50
2 6268 rs146106530 54587647 1 -4.3828141910968457e-4 0.280905 Radj50
3 15162 rs78845753 156210494 1 4.3791316658909913e-4 0.569693 Radj50
20 6297 rs79658759 52702501 1 4.3626678618275316e-4 0.0965315 Radj50
8 8999 rs7012556 82869630 1 -4.3403656820558334e-4 0.842301 Radj50
16 355 rs2076441 1590576 1 -4.318405849020789e-4 0.959117 Radj50
7 9153 rs17165187 92859533 1 -4.29343843816253e-4 0.8866 Radj50
11 482 rs3987740 2895800 1 -4.282795633048867e-4 0.744532 Radj50
4 18562 rs4260584 190008639 1 -4.275773174141729e-4 0.956598 Radj50
8 5236 rs76883144 36048060 1 -4.2755879478975357e-4 0.464472 Radj50
1 14328 rs79552507 166059512 1 4.2739139616115965e-4 0.52781 Radj50
4 2945 rs76229334 22737081 1 -4.2705482069938525e-4 0.722352 Radj50
18 1729 rs11875757 11111601 1 4.263664481492874e-4 0.766947 Radj50
10 3628 rs11015861 27830433 1 -4.2473308507893386e-4 0.990539 Radj50
2 9204 rs1053560 85546192 1 -4.235455732190593e-4 0.98894 Radj50
3 14178 Affx-21310581 142896048 1 -4.2281523565742787e-4 0.753739 Radj50
22 3756 rs58112670 45618888 1 -4.218735068225809e-4 0.96801 Radj50
3 3729 rs7612379 30004183 1 4.211089843729989e-4 0.901486 Radj50
10 7379 rs12784847 72511528 1 4.2089462470977615e-4 0.63206 Radj50
18 8503 rs2941794 76453854 1 -4.207176918970071e-4 0.972392 Radj50
11 197 rs11604757 1029320 1 4.193058605129133e-4 0.94933 Radj50
14 8805 rs2295387 101309692 1 -4.188021580594227e-4 0.964079 Radj50
5 1470 rs16882975 9516477 1 4.18018055342634e-4 0.468082 Radj50
5 14446 rs1363564 150534432 2 4.1773293662485925e-4 0.968732 Radj50
14 7886 rs4905326 95931254 2 -4.1534646577603913e-4 0.924431 Radj50
4 2161 rs114956870 15879297 1 -4.1514423600517937e-4 0.0546706 Radj50
4 156 rs56007462 1225775 1 4.150455304739761e-4 0.0956972 Radj50
2 3642 rs115336426 31746388 1 -4.120992426805076e-4 0.129637 Radj50
11 3012 rs118071698 20117790 1 -4.0590038819389516e-4 0.198156 Radj50
4 14933 rs1544089 159095077 1 4.0587939861084116e-4 0.990924 Radj50
2 13365 rs77306004 142138525 2 4.054261068198276e-4 0.971476 Radj50
14 6897 rs117957412 86195136 1 -4.049505917966753e-4 0.0864427 Radj50
1 835 rs77948669 6560493 1 -4.0386070119197593e-4 0.345789 Radj50
6 616 rs77378516 3786515 1 -4.033968366881314e-4 0.731667 Radj50
3 15186 rs114755825 156704936 1 4.030299307708658e-4 0.644707 Radj50
5 1439 rs13176952 9389777 1 4.006383016777958e-4 0.978558 Radj50
15 3714 rs935213 58555030 1 -3.999856263248142e-4 0.925733 Radj50
16 4109 rs184056093 29908385 1 3.9695178680149097e-4 NA Radj50
2 8209 rs10204149 76646106 1 3.9528222136456584e-4 0.325231 Radj50
3 8073 rs4677602 71379806 1 -3.939088627031421e-4 0.983014 Radj50
5 4223 rs357259 38916920 1 -3.937818910420608e-4 0.990494 Radj50
5 16525 rs11746716 174267734 2 3.9269640666886123e-4 0.874659 Radj50
4 13363 rs17833685 138612548 1 3.922269656580547e-4 0.977277 Radj50
15 7185 rs80158872 88360757 1 3.877701035077414e-4 0.905039 Radj50
16 2559 rs753192 14000394 2 -3.861432768464637e-4 0.978349 Radj50
15 3057 rs148539600 51692407 1 3.849853047909569e-4 NA Radj50
6 13562 rs116137469 106064019 1 -3.8463143453029214e-4 0.533794 Radj50
17 810 rs75994327 4653555 1 -3.822091886491431e-4 0.703239 Radj50
16 4949 rs74499562 51171126 1 3.817624794941266e-4 0.410313 Radj50
3 1703 rs80059062 10998720 1 3.8013408855481253e-4 0.541423 Radj50
20 4451 rs6513763 40688176 1 3.794542099870608e-4 0.831824 Radj50
6 20131 rs35968215 168048415 1 -3.7921745944758805e-4 0.220371 Radj50
1 14685 rs4786 169692132 1 3.73320194295429e-4 0.97861 Radj50
18 7308 rs10432228 67568249 3 3.716549521576462e-4 0.730976 Radj50
6 20156 rs7770588 168305276 1 -3.7038939040579097e-4 0.818996 Radj50
7 9671 rs117054487 97616032 1 3.6996977439487857e-4 0.576763 Radj50
8 2131 rs118080825 12926012 1 -3.6965129861438775e-4 0.767975 Radj50
9 12029 rs78170151 132855889 1 -3.6957837710337285e-4 0.304513 Radj50
8 7244 rs78441130 61943238 1 -3.676337411826773e-4 0.185733 Radj50
20 4044 rs5743502 36937431 1 -3.6564287823587737e-4 0.3887 Radj50
10 1747 rs72775944 11925054 1 3.645412509365355e-4 0.895725 Radj50
22 1422 rs9306440 27831342 2 -3.6386695464381085e-4 0.0857529 Radj50
10 2523 rs117684467 16675168 1 3.608868868444078e-4 0.633224 Radj50
4 9458 rs1048627 95587587 1 3.603593164055921e-4 0.934908 Radj50
5 11455 rs11750012 121271817 1 -3.5904813964040964e-4 0.976039 Radj50
6 10557 rs3799093 70074563 1 3.574654418670063e-4 0.964628 Radj50
9 7621 rs12552100 100234633 1 3.54660572064751e-4 0.0929233 Radj50
8 9814 rs78439257 92627508 1 3.545112278967474e-4 0.0962345 Radj50
5 1305 rs2174977 8337324 1 -3.538320398763202e-4 0.828358 Radj50
1 7827 rs75214981 74400421 1 3.537655368153926e-4 0.829281 Radj50
7 4290 rs80305889 34681601 1 3.5211211841178116e-4 0.220332 Radj50
2 2817 rs12467991 22584105 1 -3.519003417454784e-4 0.566696 Radj50
19 737 rs35268568 3705590 1 3.5100511384320493e-4 0.439821 Radj50
11 7253 rs1123665 68855197 1 3.4800917665143505e-4 0.978656 Radj50
10 217 rs4880914 1746219 1 -3.465079428631369e-4 0.43974800000000003 Radj50
12 5333 rs76110959 51034734 1 -3.4572871593594004e-4 0.791448 Radj50
10 14649 rs116907429 134817063 1 3.45503559231871e-4 0.811063 Radj50
13 6903 rs116845714 88804310 1 -3.4248207172274685e-4 0.307684 Radj50
9 8488 rs2437819 107699196 2 3.406348436270001e-4 0.962425 Radj50
8 568 rs7822902 2994124 1 3.4041562558576787e-4 0.696422 Radj50
11 2508 rs11024102 17008605 1 -3.398717027669346e-4 0.934427 Radj50
12 7106 rs11177775 70049760 1 -3.389983963133209e-4 0.953669 Radj50
9 6586 rs117542686 86938026 1 3.3839240695054484e-4 0.533601 Radj50
21 3522 rs28656880 42537986 1 -3.375267215899487e-4 0.759463 Radj50
4 13910 rs17721599 145613720 2 -3.340126471990328e-4 0.956916 Radj50
3 9396 rs1584860 84832223 1 -3.332188059728847e-4 0.973873 Radj50
6 7157 rs117919800 36819674 1 3.3224114109805446e-4 0.180738 Radj50
18 3040 rs485571 26498622 1 3.3160092062747035e-4 0.850359 Radj50
13 714 rs9580871 24681642 1 3.3104508737195854e-4 0.984686 Radj50
3 101 rs73816007 732474 1 3.288031565602574e-4 0.21632 Radj50
10 7865 rs79647797 77954261 1 -3.2645244416215527e-4 0.923276 Radj50
3 1011 rs77678187 6225538 1 3.254256960936014e-4 0.363406 Radj50
5 10082 rs114664839 109957801 1 -3.2488036851877506e-4 0.633108 Radj50
9 1450 rs4606116 8778133 1 3.22375428639719e-4 0.815705 Radj50
9 13032 rs61754920 140392616 2 -3.21774575093651e-4 0.695464 Radj50
17 3102 rs75015373 21076842 1 3.20786744135894e-4 0.846694 Radj50
2 7511 rs17654593 70950710 1 -3.20634463945824e-4 0.0168425 Radj50
5 1750 rs12153083 11588701 1 -3.204356206868418e-4 0.827249 Radj50
11 13647 rs7110338 124449980 1 3.203694325950787e-4 0.719027 Radj50
1 7039 rs7543728 63514788 1 -3.178335127191066e-4 0.681863 Radj50
20 2458 rs73900024 17037976 1 3.177178637386323e-4 0.961038 Radj50
13 6741 rs2454962 85548756 1 3.158089018456112e-4 0.859856 Radj50
9 6661 rs116960758 87682506 1 3.1520617211021443e-4 0.568165 Radj50
12 10163 rs146584077 101685524 1 -3.1432362343027673e-4 NA Radj50
3 9514 rs77022800 86355821 1 3.137371242994488e-4 0.937736 Radj50
4 7670 rs28437320 78308496 1 -3.1269214737985235e-4 0.987976 Radj50
3 19755 rs200718632 195934286 1 3.120202399854653e-4 NA Radj50
18 4122 rs62092069 40735531 1 -3.0836209354689615e-4 0.983418 Radj50
12 10805 rs118056934 106223862 1 3.082278748376722e-4 0.331994 Radj50
7 10128 rs56194187 100740322 1 3.0232196013769703e-4 0.768255 Radj50
4 7831 rs3924925 80597779 1 -3.020965419273606e-4 0.981384 Radj50
12 6805 rs11175971 66324879 1 3.01652647361359e-4 0.646265 Radj50
12 5393 rs73109020 51641870 1 2.999792002337192e-4 0.855248 Radj50
16 1951 rs4780953 10677014 1 2.9951669967662956e-4 0.79122 Radj50
4 202 rs35254228 1531227 1 2.978945298903903e-4 0.838985 Radj50
1 8934 rs641965 84843600 1 -2.956467327810999e-4 0.584846 Radj50
5 10631 rs365818 115017389 1 2.9469254378206505e-4 0.943756 Radj50
10 4078 rs117581678 32221142 1 2.939126215252171e-4 0.164915 Radj50
7 7762 rs10225384 77682064 1 -2.933384814255979e-4 0.952714 Radj50
7 9490 rs77386252 95870899 1 2.927659754705243e-4 0.955825 Radj50
1 13920 rs17416787 161898815 1 2.917194855769093e-4 0.17272 Radj50
16 1992 rs76636859 10924846 1 -2.8627618968518555e-4 0.830499 Radj50
6 1768 rs181056704 12164308 1 2.835606364306975e-4 NA Radj50
5 10514 rs75393870 113793296 1 -2.823826299269229e-4 0.0885652 Radj50
5 15088 rs6894233 159145281 1 -2.8102966062630314e-4 0.629709 Radj50
4 1279 rs28503942 7864661 1 -2.800125874469174e-4 0.994003 Radj50
16 7159 rs118010537 72318263 1 -2.7903090548344554e-4 0.147931 Radj50
13 8758 rs117856042 107933901 1 2.7708870555169377e-4 0.335309 Radj50
3 9504 rs76802992 86241988 1 2.769124177845113e-4 0.0781942 Radj50
3 9116 rs34604556 81416945 1 -2.76500623227135e-4 0.780501 Radj50
20 3490 rs11698185 25181998 2 2.763103356330974e-4 0.980529 Radj50
16 3169 rs8062741 20052642 1 -2.758753702413509e-4 0.803881 Radj50
6 10421 rs17453132 68683417 1 2.751323115999078e-4 0.96463 Radj50
20 241 rs6078022 1155854 1 -2.746861880078367e-4 0.714049 Radj50
3 181 rs6806144 1323078 2 -2.744207880374388e-4 0.604475 Radj50
7 4782 rs6972549 38428814 1 -2.736143523973182e-4 0.967815 Radj50
6 9140 rs13213123 51413785 1 2.727654050140128e-4 0.920985 Radj50
10 10263 rs118000267 97364566 1 -2.6814576249482847e-4 0.92518 Radj50
18 8067 rs72974030 74287847 1 -2.6658855763537337e-4 0.814032 Radj50
11 14367 rs371425 131408517 1 2.6638897466960284e-4 0.909734 Radj50
4 15657 rs72701466 168219869 1 -2.661838262599838e-4 0.920034 Radj50
12 4970 rs11168250 48209165 1 2.655172649405052e-4 0.962534 Radj50
6 6212 rs3096697 32134510 1 -2.642546326655424e-4 0.991015 Radj50
9 8073 rs4743486 104522208 1 2.6374920192878795e-4 0.969187 Radj50
12 13672 rs73436164 130242016 1 2.62260788896061e-4 0.780017 Radj50
14 1097 rs61972523 28080806 1 2.587895315515809e-4 0.55325 Radj50
5 1432 rs1024488 9356924 1 2.587444674983097e-4 0.8674 Radj50
2 3359 rs13406322 29209898 1 2.575413166948026e-4 0.821834 Radj50
7 15675 rs73485877 155102203 1 -2.5732115134136893e-4 0.967285 Radj50
4 10613 rs114125549 108743095 1 -2.556780002603074e-4 0.849834 Radj50
12 8972 rs4529920 93337184 1 2.546885335139346e-4 0.840368 Radj50
10 11856 rs72825945 110312784 1 2.54127513956736e-4 0.210172 Radj50
2 7274 rs76638078 67999661 1 2.5187344756624167e-4 0.234341 Radj50
3 11160 rs9868484 108188993 1 -2.514365130092119e-4 0.984399 Radj50
3 2327 rs17485446 15614923 1 2.514208824406452e-4 0.103737 Radj50
5 429 rs13436812 2544880 1 2.5062289156328515e-4 0.0928138 Radj50
8 572 rs66705638 3005937 2 -2.505527406470731e-4 0.706373 Radj50
5 6502 rs79638442 66180409 1 2.483856054802047e-4 0.511841 Radj50
3 17220 rs56184125 179488011 1 2.481077161308836e-4 0.235258 Radj50
7 14591 rs7779534 144222929 2 2.4629099261431233e-4 0.688073 Radj50
1 16491 rs146033342 191806872 1 2.459854077411364e-4 NA Radj50
1 21926 rs10910200 233643856 1 -2.42433926777475e-4 0.869671 Radj50
3 19878 rs41284045 196735808 1 -2.4172496213656206e-4 0.858721 Radj50
2 19212 rs78042826 207003310 1 -2.4166964245110725e-4 0.552596 Radj50
6 1422 rs7768303 9275594 1 2.4083927893776212e-4 0.993322 Radj50
11 5028 rs1470817 40259727 1 2.398519461313862e-4 0.982049 Radj50
1 3805 rs75056610 33098518 1 2.3979380586063546e-4 0.0165941 Radj50
5 13824 rs17209076 142492647 1 -2.3819040885075023e-4 0.684007 Radj50
18 6292 rs12455765 57590855 1 -2.3764256587579074e-4 0.651011 Radj50
4 1995 rs116308573 14687515 1 2.3701710466313315e-4 0.955352 Radj50
10 5494 rs1917818 50849342 1 -2.3649460362560985e-4 0.936929 Radj50
14 4346 rs61993248 62490100 1 -2.3592875305068515e-4 0.731457 Radj50
18 5757 rs78951049 54714522 1 -2.34700444025023e-4 0.793173 Radj50
5 15771 rs61644210 168226135 1 2.3387318404958227e-4 0.616088 Radj50
22 3539 rs62226386 44422046 1 -2.3257164471322326e-4 0.794018 Radj50
1 13569 rs200829664 158639328 1 2.313120724879172e-4 NA Radj50
18 1529 rs29044 9993124 1 2.3062623225333112e-4 0.854207 Radj50
3 14537 rs11713814 147679289 1 2.2904255659723637e-4 0.835006 Radj50
18 416 rs9954421 3124877 1 2.274080525007935e-4 0.600059 Radj50
1 10261 rs1355137 96028036 1 2.2607731676977885e-4 0.907114 Radj50
10 3181 rs75267903 22098622 1 -2.247207886282352e-4 0.886904 Radj50
11 14477 rs80337712 132577482 1 -2.246318389947807e-4 0.66486 Radj50
15 5418 rs4471634 71730010 1 2.2457321958659575e-4 0.83705 Radj50
1 13184 rs74988132 154930023 1 2.2379093846135704e-4 0.947288 Radj50
18 4952 rs515157 46825501 1 -2.2042395353971678e-4 0.0421111 Radj50
2 4383 rs929550 37933670 1 2.1936811816113951e-4 0.984038 Radj50
19 1148 rs4480926 6127253 1 -2.1882312915868932e-4 0.916247 Radj50
6 4333 rs72482089 29408600 1 2.1861276201275205e-4 0.00229277 Radj50
1 5749 rs72688383 48029787 1 2.1857288339087013e-4 0.894384 Radj50
11 4037 rs11031874 32585042 1 -2.1822137693204693e-4 0.610077 Radj50
9 3192 rs78644283 22455835 1 -2.177940454560499e-4 0.606018 Radj50
2 8110 rs73936286 75658860 1 -2.1777515527349824e-4 0.518504 Radj50
10 1513 rs61842491 9286417 1 -2.1544664567783398e-4 0.167358 Radj50
6 6263 rs9267873 32199352 1 -2.132849123840231e-4 0.969533 Radj50
9 11189 rs67595214 126169649 1 2.1043012027840714e-4 0.890024 Radj50
5 1416 rs1806009 9236511 1 2.084492316183342e-4 0.204589 Radj50
3 10996 rs76143789 106396897 1 -2.0810203629766788e-4 0.697191 Radj50
5 17324 rs35086704 179672831 1 -2.0555873625926043e-4 0.22223 Radj50
3 18085 rs114555847 186129300 1 -2.0503679020001495e-4 0.866115 Radj50
4 14537 rs10024442 154492055 1 2.0453609652576815e-4 0.841988 Radj50
2 23618 rs34656606 241234251 1 2.0177978865974503e-4 0.673498 Radj50
16 7145 rs61749037 72133120 1 2.013482239758879e-4 0.0246791 Radj50
18 4670 rs111847694 44977846 1 2.0070146192862048e-4 0.801025 Radj50
1 19033 rs41283136 211747305 1 -2.0025757041587742e-4 0.417519 Radj50
5 11037 rs77086220 117585882 1 1.9957903796315787e-4 0.124931 Radj50
15 7955 rs78072304 94376990 1 -1.9924807049152382e-4 0.674223 Radj50
17 7324 rs2302234 66538239 2 1.9918892317390683e-4 0.978051 Radj50
1 6499 rs17114957 57547097 1 -1.968123773456477e-4 0.819866 Radj50
7 9494 rs117447963 95936254 1 -1.9677594060980478e-4 0.214177 Radj50
7 1845 rs2158662 14117692 2 1.962076905199495e-4 0.896101 Radj50
9 1443 rs116916040 8753396 1 1.9615357519169177e-4 0.0645024 Radj50
4 5398 rs76905420 46751847 1 1.956458000018375e-4 0.177743 Radj50
1 3027 rs6684709 23850023 1 1.9512205961429583e-4 0.970937 Radj50
2 19902 rs78819283 213131751 2 1.9496898796623956e-4 0.900881 Radj50
4 15393 rs111815154 165224350 1 1.9241837497476576e-4 0.507986 Radj50
3 4001 rs17029181 32346116 1 1.922688341046875e-4 0.806737 Radj50
13 8467 rs116878614 106196888 1 1.912697921598797e-4 0.535361 Radj50
1 8918 rs76205203 84741408 1 -1.891936724132549e-4 0.789623 Radj50
9 7992 rs76028668 103994564 2 -1.8915438158675031e-4 0.926252 Radj50
2 15599 rs72908237 173742379 1 -1.8844471354639996e-4 0.181087 Radj50
6 15484 rs3904628 133452425 1 1.8748065451112673e-4 0.745012 Radj50
15 7339 rs59383251 89581128 1 -1.8685081662965606e-4 0.0457927 Radj50
9 6642 rs62562453 87461478 1 1.864336141049162e-4 0.767131 Radj50
7 14428 rs188481752 141727515 1 -1.8428509662740878e-4 NA Radj50
6 7358 rs1079606 38650186 1 1.8250528721273977e-4 0.573776 Radj50
9 9865 rs28393131 116853108 2 -1.7988532503722212e-4 0.981569 Radj50
5 10768 rs78552251 115843332 1 1.791184887267891e-4 0.45623 Radj50
2 23640 rs67664213 241403232 1 -1.7851761059152672e-4 0.814923 Radj50
11 484 rs187086795 2909582 1 1.7527453322343215e-4 NA Radj50
1 12427 rs2254664 119863810 1 1.7494227461933718e-4 0.829196 Radj50
22 4192 rs2075958 48652184 1 -1.730609750529482e-4 0.438816 Radj50
12 2753 rs17379695 20902795 1 1.7299246123253373e-4 0.961883 Radj50
15 454 rs57334988 26640945 1 -1.7095410970798078e-4 0.742528 Radj50
19 5767 rs79456950 45329097 1 1.6958075411077986e-4 0.0185772 Radj50
9 4334 rs10814123 34561808 1 1.6957565232664497e-4 0.882148 Radj50
18 1674 rs34598731 10717162 1 -1.6753942041367037e-4 0.889319 Radj50
2 6078 rs79633423 52273536 1 1.6735667934954408e-4 0.459097 Radj50
20 6763 rs230198 55776447 1 -1.6714928554185032e-4 0.960591 Radj50
7 14460 rs77237232 141994566 1 -1.65603031138346e-4 0.899097 Radj50
3 14919 rs74942670 152506114 1 1.6430692715178237e-4 0.762746 Radj50
6 13303 rs12195204 101864110 1 -1.637542005741341e-4 0.847302 Radj50
3 18079 rs7634848 186110136 2 1.6369101905152836e-4 0.750507 Radj50
1 3242 rs76706441 26145328 1 1.6325935779546054e-4 0.820964 Radj50
7 447 rs12668110 2928260 1 -1.6204661379869836e-4 0.8323 Radj50
14 3205 rs72685360 51408318 1 -1.6151905958525304e-4 0.729797 Radj50
2 6237 rs17045435 54174258 1 -1.6026942709105002e-4 0.964948 Radj50
15 6926 rs117661294 85656050 1 1.6019202974589837e-4 0.259799 Radj50
9 4754 rs112131948 38246419 1 -1.6012318521557053e-4 0.0750406 Radj50
7 2523 rs77188627 19682418 1 -1.5954707747305364e-4 0.938452 Radj50
11 14246 rs73576042 130558237 1 1.595058930771877e-4 0.554156 Radj50
8 4809 rs117457159 31963560 1 -1.5873793794791052e-4 0.768794 Radj50
16 6774 rs17697906 65957870 1 1.587158695881057e-4 0.319347 Radj50
12 7232 rs10160968 71820684 1 1.586744658936704e-4 0.903368 Radj50
1 7831 rs116755500 74464091 1 -1.5833654368671836e-4 0.78273 Radj50
5 572 rs11750462 3336643 2 1.5785435312911433e-4 0.985938 Radj50
15 8746 rs114296381 99240491 2 1.5733718011918857e-4 0.595467 Radj50
11 7595 Affx-5869209 72360787 1 1.5692205968530698e-4 0.815348 Radj50
4 10918 rs114471774 111345401 1 -1.543697308217149e-4 0.937771 Radj50
14 8050 rs72704878 96772059 1 -1.537006766858097e-4 0.139439 Radj50
5 7564 rs114359514 79747806 1 -1.5365965231980863e-4 0.655746 Radj50
6 182 rs6912227 1197657 1 1.5332522746043647e-4 0.167749 Radj50
20 937 rs805763 5676881 1 -1.5297693617162214e-4 0.187341 Radj50
14 4425 rs35702459 63055857 1 -1.5292226367606001e-4 0.901287 Radj50
11 5084 rs4370928 40824308 1 1.5244140450764967e-4 0.962651 Radj50
9 7297 rs7858974 94880110 1 1.515488588522134e-4 0.789918 Radj50
5 13711 rs35887942 141514443 1 1.5117549826810167e-4 0.979306 Radj50
3 13545 rs9682157 134108539 1 -0.00015042035067574366 0.945615 Radj50
6 3535 rs34541321 26017617 1 1.5014119160925023e-4 0.0677287 Radj50
20 1978 rs75191963 13426300 1 -1.4870231224051278e-4 0.96206 Radj50
5 15917 rs17647491 169483706 1 -1.46448521862809e-4 0.206114 Radj50
8 330 rs73542936 1839557 1 1.4514631727836024e-4 0.963535 Radj50
17 9760 rs188081246 80899313 1 1.4444761570305556e-4 0.0351798 Radj50
5 12561 rs1295686 131995843 1 -1.4423666627486105e-4 0.915361 Radj50
21 408 rs79133317 18146570 1 1.4303287833183274e-4 0.644818 Radj50
11 4870 rs56092115 38704550 1 1.404395278444296e-4 0.638086 Radj50
12 5136 rs189888707 49433883 1 1.4005823789412463e-4 0.1869 Radj50
3 7128 rs1479402 61973121 1 -1.3958724103103353e-4 0.469045 Radj50
1 1393 rs61775589 11028301 1 -1.3958554703644326e-4 0.480493 Radj50
6 16003 rs79936370 137840005 1 -1.3909476176345465e-4 0.50668 Radj50
10 3815 rs2478097 29831140 1 1.3833835956631772e-4 0.123703 Radj50
1 20311 rs115066827 221475624 1 1.378847983065505e-4 0.328494 Radj50
21 375 rs2823900 17968542 1 1.3774322818588627e-4 0.623485 Radj50
8 507 rs12540992 2665300 1 -1.3725137433711327e-4 0.942103 Radj50
1 1232 rs10864439 9902900 1 1.3695761153560376e-4 0.749818 Radj50
3 14138 rs73232724 142541083 1 1.366187279781107e-4 0.96663 Radj50
3 1172 rs9838094 7159362 1 1.3611547724829012e-4 0.818063 Radj50
1 10311 rs12137415 96544224 1 1.3489963183474984e-4 0.467497 Radj50
14 4424 rs2046811 63047648 1 1.3392643138921914e-4 0.973994 Radj50
11 80 rs17585 499120 1 -1.3243962696298116e-4 0.980017 Radj50
2 21943 rs78139874 228106563 1 1.323446867745951e-4 0.707695 Radj50
15 9284 rs3825901 101949168 1 1.3199002051273294e-4 0.814561 Radj50
13 2932 rs1325802 43203492 1 1.3072697880228785e-4 0.389465 Radj50
5 6941 rs73762050 72593640 1 -1.2917766624413957e-4 0.922425 Radj50
2 9283 rs2577775 86132943 1 -1.2909843000579555e-4 0.974112 Radj50
17 7321 rs8066131 66505019 1 1.2906523149801134e-4 0.966548 Radj50
16 2840 rs62030784 17166305 1 1.288557548853176e-4 0.950057 Radj50
8 3511 rs34426212 21482388 1 -1.2826174822293837e-4 0.589252 Radj50
11 1724 rs12802307 10797903 1 -1.2809984395012063e-4 0.787689 Radj50
2 12853 rs79425817 134852025 1 1.2720720566237144e-4 0.782961 Radj50
12 3899 rs9300212 33701166 1 -1.2712292234289598e-4 0.961274 Radj50
12 7596 rs1153058 77463079 1 -1.26772545762165e-4 0.50417 Radj50
17 5503 rs2584668 47557284 1 1.2665093241049985e-4 0.639367 Radj50
12 2539 rs66534132 19571867 1 -1.2646937764230175e-4 0.971766 Radj50
7 6378 rs714499 51200298 1 -1.2608252239369738e-4 0.97255 Radj50
7 1821 rs7799534 13883729 1 1.2549830802482996e-4 0.265346 Radj50
2 21938 rs11884740 228093667 1 -1.2525163970821107e-4 0.927441 Radj50
2 6624 rs978624 59266958 1 1.25213967043622e-4 0.942007 Radj50
1 18990 rs4027091 211474248 1 1.2365781225813277e-4 0.948867 Radj50
7 1731 rs10488235 12921937 1 1.2311602461803202e-4 0.94305 Radj50
8 2502 rs17610254 15074428 1 -1.2157789111846283e-4 0.861804 Radj50
11 9176 rs117471793 86605459 1 -1.2044351494780668e-4 0.938737 Radj50
5 7268 rs3857395 76406451 1 1.1963400796392222e-4 0.880042 Radj50
5 10038 rs116382337 109624128 1 -1.1954477149747174e-4 0.0177678 Radj50
12 4121 rs76239282 40502340 1 -1.1896435048302106e-4 0.272528 Radj50
17 6695 rs17581463 57858706 1 1.188588493280039e-4 0.902763 Radj50
13 600 rs75402847 23846908 1 1.1820947424350393e-4 0.689881 Radj50
8 10190 rs117154738 96232804 1 1.181513983406541e-4 0.681494 Radj50
4 14344 rs17591223 152405796 1 1.1717679159293109e-4 0.947697 Radj50
1 7540 rs114641326 69633329 1 -1.1662117122437111e-4 0.356463 Radj50
3 12683 rs4678003 123013637 2 -1.1631899018129004e-4 0.866245 Radj50
5 469 rs79904111 2779297 1 -1.1554677652177466e-4 0.691781 Radj50
8 3149 rs11203977 18520616 2 -1.1354692452044069e-4 0.87625 Radj50
5 10995 rs11738638 117291155 1 -1.1334227702250533e-4 0.951107 Radj50
17 3962 rs1543292 34287081 2 1.1331104165391686e-4 0.971724 Radj50
2 1616 rs10929765 11823354 1 1.121514090068467e-4 0.914658 Radj50
17 1757 rs72810968 10102743 1 -1.1157044843970782e-4 0.881191 Radj50
14 1118 rs10133195 28295788 1 1.1154637460608464e-4 0.666363 Radj50
22 1957 rs16990445 32827586 1 1.1143089295586051e-4 0.820798 Radj50
12 13099 rs422931 125896922 1 1.1107880204541098e-4 0.586515 Radj50
14 7488 rs7148148 92671185 1 -1.108666433783136e-4 0.978523 Radj50
3 7772 rs1858243 68545254 1 1.1060593979592152e-4 0.893573 Radj50
3 5562 rs115560382 45528104 1 -1.096650829945732e-4 0.344772 Radj50
17 7612 rs79652119 69617102 1 -1.0910090590286411e-4 0.960286 Radj50
18 1369 rs35713027 9025230 1 -1.0871898411881712e-4 0.878887 Radj50
2 10475 rs7596328 105442170 2 1.079998287101469e-4 0.983041 Radj50
21 379 rs4818273 17989345 1 -1.0739960761982385e-4 0.668824 Radj50
2 1870 rs78607687 14774094 1 1.0707310727621593e-4 0.709816 Radj50
4 644 rs73794368 4845928 1 -1.0700066526101373e-4 0.507401 Radj50
3 7568 rs78922659 66069298 2 -1.0583309211990045e-4 0.947388 Radj50
3 3170 rs72625877 23820972 1 -1.0505071036131066e-4 0.591079 Radj50
7 10519 rs17421637 104207978 1 -1.0403646849599529e-4 0.892038 Radj50
12 4482 rs112788922 43848919 1 1.0397937934138624e-4 0.338134 Radj50
10 520 rs67713240 3390657 1 1.0386443864597782e-4 0.270515 Radj50
5 13732 rs78310959 141694213 1 -1.0358437566228501e-4 NA Radj50
5 7043 rs79708272 73619229 1 -1.0286195361138672e-4 0.904579 Radj50
1 4031 rs549048 34424393 1 1.0272772366447228e-4 0.888469 Radj50
2 2563 rs74789872 20007214 1 1.0247542995138153e-4 0.0557889 Radj50
6 429 rs17135660 2743674 1 1.0245450363830809e-4 0.546949 Radj50
20 4844 rs150099563 42908092 1 1.0082933686134563e-4 NA Radj50
8 11359 rs10098425 105946875 1 9.933391918469825e-5 0.340051 Radj50
19 7460 rs75385554 54853830 1 -9.821320989061272e-5 0.856971 Radj50
8 3202 rs333041 18985382 1 9.818651312727133e-5 0.920765 Radj50
21 2090 rs55745100 33016364 1 -9.742670819010931e-5 0.791927 Radj50
10 6847 rs2394066 66406859 1 -9.691392631840704e-5 0.712815 Radj50
10 6505 rs1625004 61475831 1 9.635406702062972e-5 0.67448 Radj50
19 3778 rs12461124 30100689 1 -9.606327045647729e-5 0.920367 Radj50
4 8804 rs2602115 89661962 1 -9.56467530809607e-5 0.751418 Radj50
15 7829 rs35864810 93619712 1 -9.550211975631498e-5 0.927976 Radj50
7 5794 rs12673414 46839744 1 -9.491382396222282e-5 0.811837 Radj50
15 4360 rs7165968 63641845 1 -9.298722846447158e-5 0.747721 Radj50
6 11172 rs7768578 76909761 1 9.212923815050077e-5 0.97327 Radj50
5 11458 rs2972350 121297115 1 -9.17950539508971e-5 0.979474 Radj50
1 698 rs912991 5358384 1 -9.049941328464597e-5 0.766332 Radj50
15 4886 rs1878699 67900883 1 -8.867486865520396e-5 0.957538 Radj50
6 16956 rs17074870 145545891 1 -8.862125173699688e-5 0.23641 Radj50
6 18365 rs231946 155740285 1 8.840605658800835e-5 0.46672 Radj50
9 11347 rs117243311 127458383 1 8.748152313717004e-5 0.325366 Radj50
12 6319 rs12814239 57569478 1 -8.637680094057869e-5 0.595151 Radj50
4 4817 rs73235665 40658559 1 -8.622380761247263e-5 0.903061 Radj50
3 19414 rs61241513 193998343 1 -8.51903779105169e-5 0.488555 Radj50
9 3749 rs7357773 28227167 1 8.350725071431357e-5 0.742384 Radj50
20 5252 rs7265597 45647279 1 8.240537447777902e-5 0.827073 Radj50
6 6403 rs3129887 32410691 1 8.160589759609022e-5 0.96719 Radj50
19 6392 rs8108419 48993840 1 -7.976874146779568e-5 0.857711 Radj50
7 15094 rs6953146 150201470 1 -7.970869074981451e-5 0.750924 Radj50
6 13509 rs117561136 105386764 1 7.920579519190387e-5 0.475563 Radj50
16 10153 rs7198688 88172212 1 -7.91958429662854e-5 0.840847 Radj50
22 1465 rs73162329 28019545 1 7.902020909701718e-5 0.552634 Radj50
8 14888 rs3739237 142228686 1 7.899360914162701e-5 0.93491899999999994 Radj50
1 18497 Affx-6680695 207795320 1 7.834942640590548e-5 0.967035 Radj50
1 22353 rs111602782 236532859 1 -7.810952176099723e-5 0.955795 Radj50
16 10423 rs1542633 89339499 1 7.697500991501336e-5 0.532514 Radj50
19 3316 rs118015462 19697281 1 -7.65902925767729e-5 0.936048 Radj50
11 6893 rs117206752 63414421 1 -7.55119661302117e-5 0.0358332 Radj50
16 2143 rs77730974 11800685 1 -7.502602308640056e-5 0.260805 Radj50
6 2782 rs6940835 20274662 1 7.486369169378645e-5 0.74994 Radj50
5 6495 rs116135273 66072634 1 -7.473991073518367e-5 0.912865 Radj50
4 9736 rs74499667 98611967 1 7.42074229279391e-5 0.116601 Radj50
3 18182 rs17374323 186690716 1 -7.350154108521312e-5 0.906039 Radj50
3 3076 rs34776121 22466565 2 7.326839865792619e-5 0.822116 Radj50
7 8582 rs117326831 86776955 1 7.286979847390018e-5 0.898641 Radj50
9 1852 rs2382371 12780295 1 7.251548057958007e-5 0.763942 Radj50
6 15218 rs72985338 130261245 1 -6.995142812149548e-5 0.745771 Radj50
17 4109 rs76262626 35525090 1 -6.941468201678145e-5 0.946636 Radj50
3 7070 rs116650599 61491392 1 -6.781579798957905e-5 0.834068 Radj50
11 13233 rs10790383 120344526 1 -6.770340612636343e-5 0.968937 Radj50
7 715 rs117263185 4485205 2 6.571426937425172e-5 0.92802 Radj50
21 1214 rs77795845 24984928 1 6.544319339858086e-5 0.796284 Radj50
6 3345 rs2753921 24417620 1 -6.509695428576222e-5 0.886618 Radj50
11 9105 rs1042780 86161388 1 6.436107686012489e-5 0.941459 Radj50
13 5384 rs9652235 72039080 1 6.394711632804834e-5 0.860005 Radj50
16 456 rs7190284 2116083 1 6.390718390534571e-5 0.919152 Radj50
9 8577 rs4742951 108315271 1 6.285329798512043e-5 0.746163 Radj50
3 4646 rs80290623 38044909 1 6.242156513255076e-5 0.945681 Radj50
6 12906 rs113598893 95673667 1 -6.191760417549485e-5 0.945191 Radj50
7 2299 rs12666767 18072475 1 -6.0550591326868054e-5 0.875216 Radj50
2 10465 rs1517859 105335971 1 -5.9885095487633114e-5 0.95701 Radj50
2 1998 rs6733775 15826700 1 -5.9884297433216814e-5 0.557663 Radj50
15 4440 rs75932733 64315208 1 -5.8496603493629355e-5 0.0529011 Radj50
3 17221 rs2284885 179490169 2 -5.7520850033992554e-5 0.780157 Radj50
8 3208 rs652971 19026644 1 5.7119706876415034e-5 0.766107 Radj50
20 2029 rs74389455 14054963 1 5.671694023893169e-5 0.855681 Radj50
7 4745 rs11766173 38162131 1 5.621148818048999e-5 0.474711 Radj50
14 786 rs2273628 24909731 1 -5.588670971631801e-5 0.977218 Radj50
18 7658 rs117794440 71087438 1 5.57057596993502e-5 0.131248 Radj50
1 15616 rs503280 182565949 1 5.5210808080209594e-5 0.926222 Radj50
6 6206 rs3096696 32122472 1 -5.455642584350852e-5 0.990743 Radj50
14 2642 rs1953944 44092139 1 5.446506167519363e-5 0.90699 Radj50
6 268 rs2206603 1573756 1 -5.368145410408356e-5 0.988993 Radj50
5 10416 rs114126703 112730597 1 -5.334530529908664e-5 0.444065 Radj50
3 13486 rs77596238 133433239 1 -5.274499078257551e-5 0.157747 Radj50
5 6952 rs11739808 72745041 1 -5.2293084606859464e-5 0.847467 Radj50
4 17952 rs55990211 186798085 2 5.167083863700413e-5 0.900382 Radj50
8 10847 rs67840821 101816136 1 -5.013611638199385e-5 0.771735 Radj50
18 3105 rs2902438 27209021 1 -4.929132981260139e-5 0.866499 Radj50
9 6753 rs72748762 88824007 1 4.8212805603504714e-5 0.485416 Radj50
12 6647 rs12815070 63679095 1 4.73248199442366e-5 0.777043 Radj50
4 3318 rs114382663 25850322 1 4.727932150024826e-5 0.299797 Radj50
3 15602 rs115155124 165368271 1 -4.5977827414872854e-5 0.964714 Radj50
10 13910 rs12771074 129204611 1 -4.5378186897139866e-5 0.608062 Radj50
3 13553 rs1498719 134172488 1 -4.5175464426373105e-5 0.926243 Radj50
12 11869 rs12581177 114944003 1 4.4970781837095267e-5 0.770811 Radj50
5 7125 rs68160747 74569432 1 -4.477948795136207e-5 0.777494 Radj50
12 2837 rs61926272 21602237 1 -4.253297641186006e-5 0.631265 Radj50
8 9619 rs117583900 90224795 1 -4.181968464726097e-5 0.860476 Radj50
21 3682 rs28487289 43457991 1 4.1759979834504614e-5 0.125315 Radj50
12 3629 rs1574315 30198397 1 4.1004191457451444e-5 0.299835 Radj50
4 13357 rs115371772 138568755 1 -4.055134730261228e-5 0.642958 Radj50
9 8876 rs6477581 110363810 1 -3.9701323050671505e-5 0.947847 Radj50
4 15676 rs114504200 168393631 1 -3.92468198410328e-5 0.709017 Radj50
7 398 rs113716688 2608103 1 -3.9039456174461564e-5 0.35905 Radj50
7 11975 rs118156631 117295084 1 3.798291190799618e-5 0.386008 Radj50
15 829 rs78026071 30105659 1 -3.783765821287168e-5 0.0365379 Radj50
3 7344 rs6779372 63850298 2 3.7502010485414994e-5 0.965312 Radj50
15 2139 rs890503 42150888 2 -3.6880187433855775e-5 0.872543 Radj50
4 8230 rs4693634 84525707 2 -3.6679391034356986e-5 0.96641 Radj50
12 817 rs17215409 5154232 1 3.659168654889353e-5 NA Radj50
2 17603 rs6727681 192061869 1 3.5304704279046526e-5 0.89648 Radj50
7 7722 rs4729504 77147725 1 -3.518244484015114e-5 0.905156 Radj50
3 7787 rs116516828 68756820 1 3.487947538758432e-5 0.393573 Radj50
19 4714 rs61910733 38189555 1 3.3873799920781624e-5 0.0857608 Radj50
2 21934 rs10933169 228074630 2 -3.308817283761327e-5 0.954465 Radj50
4 1823 rs73224145 13074531 1 -3.272550433858929e-5 0.743483 Radj50
4 8148 rs115371025 83956709 1 3.2379850112375734e-5 0.555978 Radj50
2 22314 rs12470575 230536899 1 -3.201062982600442e-5 0.297152 Radj50
5 4242 rs13184788 39075388 1 -3.1654036082812796e-5 0.904614 Radj50
17 1976 rs9303041 11786569 1 -3.117515203637863e-5 0.962081 Radj50
18 5393 rs118089345 50759220 1 -3.026498095554527e-5 0.0979421 Radj50
17 2857 rs62073657 18094461 1 3.014997114780183e-5 0.261804 Radj50
10 1658 rs72773980 11212453 1 -2.88851713612301e-5 0.751503 Radj50
6 10667 rs118171209 71429237 1 -2.837614460380754e-5 0.918322 Radj50
14 7463 rs8012648 92393026 1 2.7736646453546303e-5 0.792281 Radj50
1 21342 rs56390540 230242818 1 -2.765608582529235e-5 0.959332 Radj50
12 344 rs7297252 2225069 1 -2.7577994610712198e-5 0.896778 Radj50
2 5714 rs4422207 47564034 1 -2.6606768968898694e-5 0.987814 Radj50
3 1170 rs9827892 7110589 1 2.569254320191689e-5 0.949456 Radj50
11 6555 rs17498511 59145512 1 2.384546041926583e-5 0.825982 Radj50
3 18083 rs13067240 186127955 1 -2.383100847281476e-5 0.83995 Radj50
14 382 rs4982558 22574374 1 -2.3813799085896943e-5 0.845716 Radj50
17 6395 rs17833388 54889879 1 2.356810706502616e-5 0.961335 Radj50
22 4213 rs34393412 48712481 1 -2.295808025734491e-5 0.878981 Radj50
18 6894 rs117952164 62365273 1 2.2493607080654162e-5 0.313795 Radj50
14 7820 rs72704666 95434863 1 2.161486938708515e-5 0.506542 Radj50
7 8596 rs114597734 86970538 1 -2.1306646734200924e-5 0.92217 Radj50
5 3909 rs10472978 35655248 1 -2.108528860162917e-5 0.978454 Radj50
4 16914 rs6811565 180806181 1 -2.064418232715056e-5 0.753379 Radj50
4 15287 rs6834751 163967596 1 -1.9626133259648065e-5 0.669366 Radj50
4 16154 rs4695895 174837887 1 -1.9194345397256165e-5 0.237205 Radj50
17 5156 rs112715622 43481848 1 1.8251432657848667e-5 0.0226067 Radj50
9 1461 rs10733549 8812415 1 1.8009326549252865e-5 0.89728 Radj50
19 7536 rs77345998 55404921 1 1.7133575222296367e-5 0.961934 Radj50
1 13212 rs41264917 155171811 1 1.585524205073519e-5 0.445709 Radj50
8 4376 Affx-32012100 28487010 1 -1.4433922232294833e-5 0.69894 Radj50
15 5960 rs5745906 75641494 1 1.3335806434415392e-5 0.0219305 Radj50
20 5487 rs7263053 47063526 1 1.3228400663700937e-5 0.972916 Radj50
20 3495 rs6115094 25210827 1 1.321355272402423e-5 0.929859 Radj50
13 6949 rs75990591 89986938 1 1.2690087603361823e-5 0.528656 Radj50
12 5479 rs73093059 52331293 1 1.2672240287117548e-5 0.824482 Radj50
4 5431 rs1561778 47115939 1 1.1282673390574713e-5 0.954862 Radj50
17 4102 rs62069491 35471186 1 -1.0158219008921704e-5 0.930425 Radj50
7 11555 rs62490166 112951132 1 9.54720279891547e-6 0.230587 Radj50
13 8319 rs61966034 105278468 1 -8.988380620883987e-6 0.101863 Radj50
5 6907 rs431619 71845634 1 -8.838653210825739e-6 0.952606 Radj50
3 13462 rs112696086 133220254 1 -8.309087660902018e-6 0.592872 Radj50
6 91 rs7760837 726364 1 -7.746129643179777e-6 0.834851 Radj50
9 4851 rs142916211 39177397 1 -5.88743753358988e-6 NA Radj50
10 2760 rs79372177 18246833 1 -5.369664661190355e-6 0.087906 Radj50
6 4560 rs1633005 29764472 1 4.961730228640028e-6 0.993758 Radj50
2 23169 rs11689136 237589104 1 4.427464714942749e-6 0.978606 Radj50
4 5326 rs13144603 45876068 1 4.050715002703312e-6 0.96109 Radj50
15 8364 rs34796505 96965397 1 -3.9337392099799125e-6 0.745655 Radj50
3 2409 rs7648940 16263614 1 3.878490599929897e-6 0.929722 Radj50
1 9820 rs78727537 92056185 1 -2.6338556014024305e-6 0.832085 Radj50
10 3624 rs2505330 27775851 1 2.443197026567772e-6 0.980101 Radj50
4 12761 rs17339254 129341053 1 1.9283611035923815e-6 0.409804 Radj50
14 4888 rs1147446 66461978 1 -7.052473210197241e-7 0.833129 Radj50
12 4905 rs11610206 47639526 1 3.8953304324898475e-7 0.832509 Radj50
4 1792 rs2903353 12733694 1 4.9347331237477626e-8 0.701307 Radj50
