CHR Group SNP.lead BP.lead Size W R2 Resolution
9 6266 rs10965219 22053687 1 0.032311232926125276 0.939356 Radj100
12 22668 rs10774751 114755640 1 0.01696959873492977 0.566388 Radj100
4 2618 rs4552460 7863618 1 -0.015817210347862213 0.988065 Radj100
7 4623 rs10253202 17338425 1 -0.015007581358261069 NA Radj100
1 29363 rs4656461 165687205 2 0.011974119000431665 0.975724 Radj100
6 9250 rs29218 29607429 1 0.010941020503010298 0.975938 Radj100
9 4679 rs41311434 15447191 1 0.010408206191284585 0.586392 Radj100
10 6464 rs11812422 22533935 1 -0.010197933756483424 0.830844 Radj100
5 5292 rs73741572 21599848 1 -0.009095002714748968 0.853718 Radj100
1 30135 rs115686841 168849245 1 -0.008450416541674203 0.940202 Radj100
9 16034 rs76605533 100624553 1 -0.008161189844911725 0.0470227 Radj100
1 40042 rs12747089 219438022 1 0.007778992873519697 0.869909 Radj100
20 9851 rs79475204 44302649 1 0.007473412805119028 0.965946 Radj100
5 1701 rs113311257 5045325 1 -0.007455637882055148 0.0192528 Radj100
4 19163 rs75734752 98970424 1 0.007317769817812408 0.0656453 Radj100
10 11974 rs117690865 57142079 1 0.006961375759135457 0.259138 Radj100
1 3491 rs148083107 14109023 1 -0.006761465275674413 NA Radj100
12 3393 rs73058808 11654041 2 0.00669132998915443 0.908185 Radj100
9 6263 rs7865618 22031005 2 -0.006459242881067862 0.994169 Radj100
17 3245 rs3785981 9084318 1 0.006242879989824398 0.969292 Radj100
8 7202 rs116985677 21494348 1 0.006092224040313691 NA Radj100
6 25021 rs16882747 91054471 1 0.006029173745191094 0.479852 Radj100
3 18898 rs13061527 85151828 1 -0.005946902331155249 0.967436 Radj100
9 6264 rs2157719 22033366 1 0.005874390982031712 0.982539 Radj100
11 23351 rs11214546 113106528 1 0.005818644487032047 0.0531529 Radj100
10 28332 rs72838617 132208098 1 0.005577700209049599 0.32783 Radj100
17 1228 rs16953127 3427705 1 -0.005331908324004587 0.231957 Radj100
4 25639 rs72714102 138052648 1 0.005252025852090984 0.45341 Radj100
3 11848 rs114924982 50391167 1 0.005206097272162603 0.149099 Radj100
6 39312 rs10945914 164096376 2 0.004923007506488309 0.95089 Radj100
1 21691 rs4908249 102950021 1 0.004866534481908165 0.915847 Radj100
5 13619 rs76488683 73874913 1 0.004710259942267905 0.153964 Radj100
19 9153 rs140331892 36278945 1 0.004619712733085335 NA Radj100
6 29512 rs35548455 116720514 1 0.004512148690622065 0.975996 Radj100
9 6256 rs1063192 22003367 1 0.004489372820872253 0.98377 Radj100
9 16819 rs16920763 104553765 1 -0.004375256236467786 0.879458 Radj100
16 3728 rs75528578 9997641 1 0.004362153286882851 0.516192 Radj100
18 1340 rs34025036 4348101 1 -0.004220018465714993 0.800526 Radj100
14 3795 rs2035423 34451956 1 -0.004096689143849165 0.938182 Radj100
1 13926 rs114016196 60975981 1 0.004041028897238343 NA Radj100
6 6498 rs2753921 24417620 1 -0.00395083427844371 0.888867 Radj100
10 21025 rs17222617 101578952 1 -0.0038760460407890928 0.111006 Radj100
18 6027 rs12963523 26687028 1 0.003816558438681083 0.919024 Radj100
10 19625 rs11187233 94739383 1 0.003801567920785562 0.173268 Radj100
1 20716 rs61786355 97772282 1 0.003543272186011378 0.370415 Radj100
9 4625 rs118121429 15276813 1 -0.0035248398277116016 0.597632 Radj100
11 9513 rs4756350 36810762 1 0.00350156985862522 0.977729 Radj100
5 13657 rs11748460 73974487 1 -0.0034910504987612613 0.34953 Radj100
11 11384 rs145466300 46564053 1 0.003472434893402155 NA Radj100
3 240 rs6803481 976815 1 0.003470096462376888 0.902359 Radj100
14 10587 rs17766799 71348436 1 0.003217341926220252 0.102602 Radj100
2 11488 rs75516527 47067353 1 -0.003114283807711142 0.166085 Radj100
15 1467 rs12913832 28365618 1 0.0031067521114385398 0.981251 Radj100
9 14919 rs117175311 94468672 1 0.0031021662116999388 0.475949 Radj100
10 24660 rs12770865 119523035 1 -0.003099275119761101 0.46363 Radj100
3 35224 rs2284885 179490169 1 -0.0030416617504636493 0.795152 Radj100
4 33978 rs922028 180787754 1 -0.00293991989353402 0.991111 Radj100
15 14662 rs117209589 90127775 2 -0.00286207475699465 0.945568 Radj100
12 16612 rs143578267 83670920 1 -0.002846805966995681 0.0798345 Radj100
6 35291 rs9377077 148053041 1 -0.00279762845655333 0.928614 Radj100
2 14925 rs3770706 65226463 1 -0.0027844909105269842 0.893341 Radj100
8 22810 rs76949029 111971305 1 -0.0027585651077645995 0.573881 Radj100
1 38341 rs12129489 211784213 1 -0.0027525896737828465 0.924096 Radj100
2 11904 rs72824125 48808125 1 0.0027098873914516053 0.255116 Radj100
9 3813 rs2382371 12780295 1 -0.0026842045108549754 0.910526 Radj100
12 7128 rs118027363 28716105 1 -0.002656662374012314 0.354877 Radj100
9 17486 rs2437811 107680458 2 0.00263194136560106 0.552907 Radj100
6 17600 rs61740187 43401027 1 0.002614964806893935 0.00274982 Radj100
1 6639 rs11249187 25187952 1 -0.002601107809126373 0.803469 Radj100
20 9914 rs35156034 44578991 1 0.0025660025322142106 NA Radj100
1 9298 rs72657713 37839088 1 0.002533472036192244 0.964042 Radj100
11 18332 rs72955481 86321718 2 -0.00251981354970749 0.983292 Radj100
6 9329 rs3131888 29663889 1 -0.0024600334260084103 0.994831 Radj100
19 15214 rs149164646 56424305 1 0.0024418107706842425 NA Radj100
4 11719 rs116266257 56119455 1 0.0024091552587140125 0.197599 Radj100
11 22787 rs117076720 110176577 1 -0.0024043630189289882 0.409841 Radj100
4 31215 rs17505964 167015529 2 -0.0023879038808332434 0.958928 Radj100
2 18948 rs1053560 85546192 1 -0.0023528053800185317 0.994848 Radj100
7 16981 rs73177237 83545827 1 -0.0023246309644736635 0.560598 Radj100
3 7087 rs9310795 26299547 1 0.0023067414794062146 0.0329637 Radj100
6 9394 rs1610601 29700183 2 0.0023047632266050607 0.993968 Radj100
2 12044 rs72827284 49268280 1 0.0022616915346410373 0.587169 Radj100
2 31542 rs121917956 166848003 1 0.0022545537719802786 0.0496564 Radj100
6 21822 rs118171209 71429237 1 -0.0022422056395901358 0.916136 Radj100
3 6325 rs73037733 23317032 1 -0.002231286711484057 0.719358 Radj100
9 15836 rs12550882 99314887 1 0.0021880881940332672 0.964874 Radj100
3 460 rs73004011 1586698 1 -0.0021859796252756227 NA Radj100
19 9492 rs117140332 38327261 1 0.00217062930451615 0.0942829 Radj100
2 41462 rs149363094 220078564 1 0.0021579962653285587 0.500436 Radj100
7 9253 rs56950249 36590436 1 -0.0021145890868533024 0.944875 Radj100
3 20604 rs2317339 100796683 1 0.002111874346688422 0.969476 Radj100
1 40060 rs12755547 219577016 2 0.0020793374534054244 0.970354 Radj100
5 14020 rs80233413 75829759 1 -0.002070261496838457 0.822485 Radj100
9 15953 rs12552100 100234633 1 0.002061533997872618 0.0931663 Radj100
9 9761 rs11792999 39154913 1 0.0020615299429802185 0.348311 Radj100
18 12153 rs12455765 57590855 1 -0.0020107034098911097 0.651011 Radj100
8 22561 rs72682627 110253859 1 -0.002000075245960841 0.557615 Radj100
9 21364 rs881375 123652898 2 0.001997430671505945 0.974898 Radj100
17 1672 rs187632995 4495663 1 -0.0019705465481395282 NA Radj100
9 15247 rs117734979 96194123 1 0.0019616873530486183 0.113997 Radj100
4 2621 rs28503942 7864661 2 -0.0019612804645148703 0.994048 Radj100
3 26031 rs145581290 130188161 1 0.0019447439904229733 0.0764599 Radj100
10 4404 rs11597486 13833814 1 0.0018960851922178658 0.824471 Radj100
3 15826 rs2363712 67426600 1 0.001874608720464855 0.951657 Radj100
2 12589 rs13015643 52369737 1 0.0018651275092216562 0.854281 Radj100
6 5461 rs6940835 20274662 1 -0.0018530739603488347 0.750079 Radj100
18 2305 rs8087367 7238619 1 0.0018418085874693766 0.852676 Radj100
18 2466 rs16952603 7872920 1 -0.0018282413264159038 0.815896 Radj100
6 16413 rs141263020 38890849 1 -0.001820445233344974 0.0303483 Radj100
10 10557 rs11598891 50086567 1 -0.0018052035971984873 0.562758 Radj100
19 4328 rs182487066 12089241 1 -0.0018036764866740614 NA Radj100
15 15822 rs11857333 93807754 1 0.0018011785834488917 0.960129 Radj100
9 1081 rs111251176 2911765 1 -0.0017925720127888241 0.710402 Radj100
12 20368 rs117033005 103567245 1 -0.0017874600262331967 0.261511 Radj100
14 17446 rs807736 99690907 1 0.0017803133031129084 0.817576 Radj100
3 38075 rs80216934 190631095 1 -0.0017613695161433998 0.0736116 Radj100
3 14863 rs17397377 63495675 1 0.0017481711583064985 0.321187 Radj100
10 18048 rs2488634 86351634 1 0.0017423377178450306 0.831299 Radj100
5 7861 rs10472978 35655248 2 0.0017373153858595426 0.978676 Radj100
15 18313 Affx-35293512 101325948 1 0.0017338888610447963 0.933943 Radj100
12 11665 rs1725357 56129803 1 -0.0016971135895344918 0.873212 Radj100
3 10065 rs6766936 40500933 1 0.0016825845777188701 0.791019 Radj100
22 2110 rs78807374 26031613 1 0.0016824023670009985 0.0540503 Radj100
16 6215 rs7195740 20408761 1 -0.001682263911802177 0.842994 Radj100
14 15171 rs8012648 92393026 1 0.0016735206974273157 0.802531 Radj100
10 20167 rs41291572 97453703 1 0.0016108105434113884 0.976189 Radj100
20 12033 rs79658759 52702501 1 0.0016028970631415552 0.096527 Radj100
10 7599 rs2815568 27985230 1 -0.0015764425635282728 0.277456 Radj100
20 11885 rs66920245 52180651 1 -0.0015743637101642658 0.979049 Radj100
4 21280 rs17040904 110772711 1 0.001571867695891285 0.949464 Radj100
6 37286 rs76969332 155719761 1 0.001556618473248417 0.777825 Radj100
2 16160 rs17654593 70950710 1 -0.0015333507217597474 0.0164099 Radj100
15 17716 rs112212028 99538491 1 -0.0015279931454742497 0.242933 Radj100
13 16137 rs9518233 101606651 1 -0.0015272455412424506 0.959014 Radj100
22 3735 rs201975358 32111456 1 -0.0015152440994190307 0.243758 Radj100
17 5298 rs17701187 15256067 2 0.0015108773902426115 0.823721 Radj100
10 1102 rs67713240 3390657 1 0.0015046721251626312 0.268612 Radj100
2 43261 rs10933169 228074630 1 0.0014983522416768236 0.954399 Radj100
10 22695 rs72825945 110312784 1 0.0014966212034430433 0.664219 Radj100
4 19384 rs35719513 100260783 1 0.001491034875707879 NA Radj100
2 40325 rs78605655 215638598 1 -0.0014889104810462525 0.951856 Radj100
1 22245 rs2122609 106634336 1 -0.001458790121076458 0.722799 Radj100
4 9439 rs1704157 40057289 1 0.0014571101784348695 0.97567 Radj100
3 33552 rs73180246 171697302 1 0.001449366680206217 0.688792 Radj100
6 3299 rs115493357 11296040 1 -0.0014463713405643715 0.0730485 Radj100
2 37737 rs114484975 201722832 1 -0.0014325669749777913 0.0169172 Radj100
15 15680 rs11631821 93584043 1 0.0014084251532421135 0.778212 Radj100
11 19009 rs78611822 90179161 1 0.0014081228162913326 0.806751 Radj100
16 20127 rs4461080 87269061 1 0.0013949215402410803 0.608853 Radj100
3 35533 rs10937067 181586376 1 -0.001383103423254031 0.149257 Radj100
11 20656 rs2566390 98693192 1 -0.0013550747828902296 0.962024 Radj100
8 19277 rs78439257 92627508 1 0.001345812755102029 0.0962345 Radj100
1 18048 rs114923225 83060614 1 -0.0013354024706709723 0.137118 Radj100
17 5301 rs80107648 15277630 1 -0.001334206367943691 0.65367 Radj100
10 11983 rs78270405 57204964 1 -0.0013224889878615885 0.0905041 Radj100
20 2141 rs116974960 6245349 1 -0.0013206872519271563 0.902093 Radj100
6 9581 Affx-28409853 29811131 1 -0.0013133054535495704 0.992117 Radj100
14 4073 rs149121781 35596805 1 0.0013127710099221307 NA Radj100
8 8404 rs118138958 25899093 1 0.0013066401887112723 0.462165 Radj100
17 12722 rs118037659 55719694 2 0.0013038016768986773 0.500617 Radj100
1 5709 rs116687372 21239091 1 0.0013016065569009085 0.0543405 Radj100
22 5518 rs142152598 38211173 1 -0.0012992701114719865 NA Radj100
4 16709 rs4693634 84525707 2 -0.0012979313135940138 0.966514 Radj100
11 20997 rs76795573 100425012 1 -0.0012917741304112082 0.650538 Radj100
8 8914 rs78505933 27884253 1 -0.0012887001278840764 0.804229 Radj100
6 2521 rs71542899 7970777 2 -0.0012864014280717761 0.711937 Radj100
15 976 rs57334988 26640945 1 -0.0012706252549838132 0.757502 Radj100
4 29622 rs6818862 158701534 1 -0.0012673745982040852 0.982434 Radj100
12 25633 rs117110677 126503240 1 -0.0012636023637331664 0.769042 Radj100
16 17507 rs78266257 81808838 2 0.0012378567355384505 0.768867 Radj100
5 25718 rs6890366 141550859 2 -0.0012182850334899198 0.95356 Radj100
8 15888 rs17672657 70917592 2 -0.0012108047220618632 0.822246 Radj100
19 4787 rs7250180 14023191 1 0.0012090701387122665 0.0119272 Radj100
15 1735 rs78026071 30105659 1 -0.0011988948279173083 0.0372177 Radj100
15 12746 rs117216581 81152198 1 0.0011986437789345409 0.0534374 Radj100
1 11508 rs12411097 48532040 1 -0.0011950017206897316 0.883547 Radj100
18 16151 rs117566743 74092242 1 0.001175647580275577 0.793425 Radj100
12 14301 rs77061420 70143711 1 -0.0011620582552393575 0.862596 Radj100
5 26501 rs115226077 145798529 1 0.00116193933775968 0.395186 Radj100
12 25643 rs6489042 126544562 1 -0.0011612070581943344 0.904006 Radj100
16 14811 rs35085250 74233216 1 -0.001160832754234787 0.91404 Radj100
7 28005 rs28874913 143690673 1 -0.001154376601015119 0.858277 Radj100
11 23552 rs72998982 113910982 1 -0.0011510895840461924 0.739972 Radj100
14 15933 rs138209155 94953767 1 0.0011503186391010093 NA Radj100
15 11492 rs140176050 75499807 1 0.0011496217182476113 NA Radj100
18 15982 rs34858967 73550547 1 -0.0011495395858117402 0.0834424 Radj100
4 16438 rs3796470 83381564 1 0.0011457971075676475 0.775192 Radj100
7 15936 rs13229506 78364154 1 -0.001142892064241366 0.824085 Radj100
6 33548 rs140836920 138628503 1 0.001131133344517369 0.00185422 Radj100
14 1162 rs12893368 23312208 1 -0.0011245036525670054 0.823869 Radj100
21 6537 rs117579498 41844988 1 -0.0011143852298487235 0.465796 Radj100
2 18981 rs56228924 85658862 1 0.0011099129871194008 0.942245 Radj100
1 11840 rs112446754 51172469 1 0.0010981591551036574 0.97323 Radj100
3 36766 rs2036373 186570191 1 -0.0010892061085181646 0.681383 Radj100
16 4345 rs77730974 11800685 1 -0.0010837136715924826 0.263197 Radj100
8 22779 rs76002156 111644699 1 0.0010781755313110785 0.604487 Radj100
5 25759 rs78310959 141694213 1 -0.0010720741578228448 NA Radj100
20 6750 rs11698185 25181998 1 0.0010677429976329238 0.98126 Radj100
6 28762 rs9487704 111989762 1 -0.001067485226159901 0.656872 Radj100
2 13444 rs7582028 56638856 1 0.0010662996892716714 0.902402 Radj100
9 13441 rs116960758 87682506 1 -0.0010628500087626472 0.642688 Radj100
4 23805 rs114589928 125592869 1 0.0010594301403034354 0.905617 Radj100
13 1275 rs75402847 23846908 1 0.0010482700671118536 0.699273 Radj100
3 19026 rs76802992 86241988 1 0.0010481011392707766 0.0776505 Radj100
10 12850 rs111754174 62246400 1 -0.0010462447758445897 0.651158 Radj100
20 1591 rs6052761 4657017 1 0.0010461761715747748 0.892341 Radj100
2 31160 rs10192119 164581241 2 0.0010439621890152677 0.98609 Radj100
16 264 rs148595483 774193 1 0.0010408268538659392 0.0153738 Radj100
5 3488 rs12153083 11588701 1 -0.0010377131926267431 0.907797 Radj100
17 12916 rs144635826 56283734 1 0.0010330677950750869 0.0142711 Radj100
3 15891 rs11127693 67709038 1 -0.0010313980812984027 0.755306 Radj100
3 7532 rs1381391 28749353 1 -0.0010304363706771906 0.889133 Radj100
11 24547 rs80295084 117588346 1 0.0010295105316117446 0.561913 Radj100
12 13456 rs11175971 66324879 1 0.001023409172682337 0.652376 Radj100
4 5847 rs76229334 22737081 1 -0.0010186232138662244 0.723166 Radj100
18 6117 rs2902438 27209021 1 -0.0010124759769509163 0.866225 Radj100
9 12654 rs34122027 84120952 1 -0.0010109635955955108 0.06545 Radj100
7 31028 rs12719959 155152401 1 -0.0010081399009796437 0.950558 Radj100
1 39730 rs72734577 218266142 1 0.0010047623668251449 0.94769 Radj100
17 17523 rs4789455 75493685 1 -0.001000025429790306 0.817155 Radj100
3 21280 rs35067598 105221432 1 -9.891403794370418e-4 0.167585 Radj100
2 7181 rs13406322 29209898 1 -9.826675003822445e-4 0.884545 Radj100
4 2628 rs6811851 7911771 2 9.778857103707366e-4 0.946756 Radj100
2 12294 rs115850346 50745190 1 -9.754507084020869e-4 0.426033 Radj100
3 6655 rs12637175 24722308 1 9.661817561319027e-4 0.782194 Radj100
15 8443 rs7182033 62407322 1 -9.658374070489398e-4 0.871431 Radj100
13 10930 rs9530143 73639371 1 9.642408992428508e-4 0.965512 Radj100
3 22881 rs17607065 114013845 1 -9.604166045532739e-4 0.719868 Radj100
15 14794 rs59044616 90519816 1 -9.587459006998733e-4 0.0578806 Radj100
7 18983 rs77386252 95870899 1 9.550833356566811e-4 0.955709 Radj100
3 14833 rs62252074 63436958 1 9.519481075194002e-4 0.774286 Radj100
8 26019 rs7386167 128568712 1 9.511675761990168e-4 0.903743 Radj100
18 16186 rs586692 74188768 1 9.48473800226339e-4 0.76168 Radj100
1 11874 rs113641619 51643319 1 -9.480188474242544e-4 0.899152 Radj100
7 2749 rs75403309 9328127 1 -9.44069441953897e-4 0.404983 Radj100
11 1620 rs1023723 4943766 1 -9.438050305911625e-4 0.990766 Radj100
6 25930 rs117712888 96536451 1 -9.436241152764767e-4 0.374349 Radj100
18 874 rs4635409 3043112 1 -9.422815946180975e-4 0.786131 Radj100
18 110 rs7234838 413832 1 -9.403668173694516e-4 0.942106 Radj100
1 25226 rs142042030 145533551 1 -9.350687728532749e-4 NA Radj100
18 1343 rs28736391 4351237 1 -9.322475953901629e-4 0.722431 Radj100
1 8866 rs76127800 35628705 1 9.275082679705331e-4 0.299315 Radj100
1 31371 rs76435263 175561605 1 -9.160252031854791e-4 0.886439 Radj100
10 908 rs2454818 3001065 1 -9.114163505718004e-4 0.961359 Radj100
19 2881 rs622989 7574308 1 9.01479467791786e-4 0.946505 Radj100
11 5438 rs143784823 18318354 1 8.701831221836239e-4 NA Radj100
10 7733 rs79712452 28707208 1 8.661141632320378e-4 0.878119 Radj100
19 3305 rs118029702 8634279 1 8.568334571616827e-4 0.404373 Radj100
4 21748 rs7658770 113240137 1 8.507971171625956e-4 0.809797 Radj100
15 16421 rs78047290 95552575 1 -8.487942321052556e-4 0.857093 Radj100
9 5025 rs17743955 16836893 1 8.443007074956917e-4 0.200245 Radj100
5 12844 rs72763695 68304543 1 8.439440086101182e-4 0.135628 Radj100
14 14337 rs2896078 89048905 1 8.419509554131096e-4 0.967618 Radj100
8 4452 rs2977126 12773322 1 8.368696462221113e-4 0.837252 Radj100
1 16463 rs75214981 74400421 1 8.336943499916173e-4 0.829937 Radj100
9 14776 rs72739455 93790736 1 8.33545022296066e-4 0.953006 Radj100
16 3975 rs1077069 10754400 1 8.294379088022186e-4 0.675524 Radj100
12 14282 rs11177775 70049760 1 -8.293113932520708e-4 0.953484 Radj100
22 4298 rs11912486 34145596 1 8.250986107944891e-4 0.930701 Radj100
1 8209 rs75056610 33098518 1 8.22090134463984e-4 0.0166361 Radj100
15 14018 rs1695981 87787283 1 8.207647218663381e-4 0.222426 Radj100
12 21010 rs118056934 106223862 1 8.199545603354685e-4 0.319851 Radj100
2 11643 rs4422207 47564034 1 -8.186142582379772e-4 0.991364 Radj100
1 32276 rs75298400 180561532 1 -8.181475982537177e-4 0.227642 Radj100
4 31472 rs114504200 168393631 2 -8.098127270585213e-4 0.709392 Radj100
10 24697 rs10787800 119600495 1 8.077322454652633e-4 0.917901 Radj100
1 37968 rs76067112 209861095 1 7.966246009636543e-4 NA Radj100
3 4511 rs1156568 14446545 1 7.943803272884558e-4 0.777088 Radj100
13 13787 rs16943501 90508489 1 7.894109036776738e-4 0.879409 Radj100
8 23673 rs16889566 118305206 1 7.890835964789236e-4 0.578706 Radj100
5 16216 rs171711 86471345 1 7.822928904009412e-4 0.936064 Radj100
6 31714 rs7753327 130050610 1 -7.698295676967072e-4 0.938114 Radj100
10 27746 rs72850368 130499932 1 -7.684215421799781e-4 0.182 Radj100
3 34212 rs76384726 174690217 1 7.621985291678656e-4 0.9458 Radj100
12 21902 rs118034859 110547996 2 7.599659585162698e-4 0.960174 Radj100
5 31444 rs60517856 168221405 1 -7.590282624847222e-4 0.854001 Radj100
10 24526 rs75061202 119133529 1 -7.526599622174121e-4 0.781411 Radj100
10 26202 rs56288637 125537597 2 7.399649679237013e-4 0.330066 Radj100
6 38360 rs12193769 160261363 1 7.393350093401405e-4 0.161974 Radj100
1 25718 rs267733 150958836 1 7.381278029627142e-4 0.941089 Radj100
4 21323 rs75435009 110942244 1 -7.342521459543439e-4 0.232007 Radj100
10 15764 rs1259604 77119065 1 -7.33259448158622e-4 0.97105 Radj100
22 7372 rs58112670 45618888 1 -7.208114211686662e-4 0.969614 Radj100
2 36902 rs74413055 196168161 1 7.139097798625536e-4 0.857801 Radj100
3 29909 rs11710845 150065280 1 7.09958281027456e-4 0.985494 Radj100
7 29107 rs141430858 148949817 1 7.097459951258784e-4 0.0635524 Radj100
8 9096 rs74906978 28614053 1 0.00070849853189114095 0.58494 Radj100
11 26625 rs840028 125253551 1 -7.072296401050588e-4 0.833539 Radj100
8 14464 rs4738919 62673675 1 -7.06465669530185e-4 0.937191 Radj100
12 4748 rs79487882 17688011 1 7.02361299913367e-4 0.813479 Radj100
10 27941 rs61859372 130943563 1 7.006414908096008e-4 0.894775 Radj100
15 18568 rs3825901 101949168 1 7.002552037453319e-4 0.817231 Radj100
20 8099 rs5743502 36937431 1 -6.996712102309613e-4 0.3887 Radj100
10 620 rs11251040 2106619 1 -6.971602305233879e-4 0.276642 Radj100
15 10782 rs12440264 71854104 1 6.937807106977844e-4 0.193682 Radj100
10 9588 rs11011379 38121631 1 6.911233612177153e-4 0.903127 Radj100
16 6092 rs8062741 20052642 1 -6.90635955968825e-4 0.830093 Radj100
10 7566 rs12356998 27801608 1 6.905830598508406e-4 0.96434 Radj100
7 19389 rs74393319 98143780 1 6.89975835795892e-4 0.0623216 Radj100
16 4042 rs76636859 10924846 1 -6.82770730423176e-4 0.961377 Radj100
18 10898 rs8088092 52601481 1 6.818337471400507e-4 0.92209 Radj100
5 219 rs73022846 988305 1 -6.739741575301393e-4 0.333284 Radj100
1 37588 rs61813793 208536340 1 6.734864414291561e-4 0.772239 Radj100
4 6641 rs114382663 25850322 1 6.73346018365439e-4 0.302632 Radj100
5 34674 rs35086704 179672831 1 -6.549637298831332e-4 0.222125 Radj100
2 26306 rs13382643 134881387 1 6.545025664376239e-4 0.87801 Radj100
2 19085 rs2577775 86132943 1 -6.540151476220622e-4 0.993025 Radj100
3 37156 rs9836926 187709117 1 -6.529510749300576e-4 0.883029 Radj100
1 37160 rs201261502 206670654 1 -6.506007733037276e-4 0.951724 Radj100
21 2633 rs74989569 26110553 1 6.422120682099792e-4 0.17442 Radj100
6 8807 rs9257731 29299371 1 6.398134198022492e-4 0.919005 Radj100
2 15566 rs76638078 67999661 1 6.380058141187553e-4 0.234324 Radj100
21 4089 rs55745100 33016364 1 -6.366806448407475e-4 0.794604 Radj100
2 2425 rs11899670 8618836 1 6.356912846359182e-4 0.53474 Radj100
20 1921 rs805751 5647738 1 6.354582153784227e-4 0.167024 Radj100
3 23471 rs3914911 116844310 1 -6.353990633960222e-4 0.619509 Radj100
10 1863 rs184954504 5788373 1 6.271636858405134e-4 NA Radj100
6 20208 rs595298 56290873 1 -6.195507786822404e-4 0.568261 Radj100
2 38812 rs149165152 207310177 1 6.182587254273511e-4 NA Radj100
4 3793 rs4834862 13076305 1 -6.137580636109155e-4 0.812931 Radj100
14 306 rs79884365 21056232 1 6.118811325811092e-4 0.978211 Radj100
2 21014 rs6725560 105475330 1 -6.060631242286756e-4 0.835647 Radj100
17 18801 rs11150864 78532751 1 -6.058812390935715e-4 0.949849 Radj100
8 26591 rs72720351 131016944 1 -6.04961826802062e-4 0.782221 Radj100
1 27249 rs12063268 157566663 1 -6.027038066036619e-4 0.858221 Radj100
20 9490 rs6017281 42804026 2 -5.990756781824794e-4 0.961708 Radj100
14 5423 rs1953944 44092139 1 5.985170486933884e-4 0.985037 Radj100
1 40416 rs115066827 221475624 1 5.978227615309868e-4 0.332174 Radj100
15 14132 rs80158872 88360757 1 5.974017914220893e-4 0.904506 Radj100
15 5678 rs117133403 49823391 1 5.966495058991864e-4 0.225727 Radj100
11 9832 rs56092115 38704550 1 5.94531740895706e-4 0.639183 Radj100
8 8547 rs139123217 26481822 1 -5.919883444200502e-4 NA Radj100
8 624 rs6992040 1789844 1 -5.876565925272202e-4 0.766312 Radj100
1 22357 rs12059449 107315368 2 -5.872467702777558e-4 0.98232 Radj100
7 1873 rs77599410 6291239 1 5.814386211230876e-4 0.362363 Radj100
16 246 rs187664088 733572 1 5.814105645085908e-4 0.148533 Radj100
3 14274 rs116650599 61491392 1 -5.808240328192454e-4 0.854512 Radj100
15 3178 rs9806189 36683276 1 -5.758838518220119e-4 0.773808 Radj100
2 47245 rs2975781 241566429 1 5.742129168308723e-4 0.97187 Radj100
8 23870 rs116976153 119279846 1 5.662403830045077e-4 0.791356 Radj100
18 11929 rs8094635 56948478 1 -5.637937367608193e-4 0.993759 Radj100
2 35069 rs72892744 183407485 1 5.589078227104051e-4 0.0179546 Radj100
15 14592 rs176641 89890182 1 5.540346410516628e-4 0.876441 Radj100
22 6952 rs4084329 44720583 1 5.507054891368667e-4 0.895405 Radj100
8 30419 rs1871534 145639681 1 -5.442776141484951e-4 NA Radj100
2 37506 rs76527759 200140659 1 -5.44076215055151e-4 0.818097 Radj100
16 6209 rs76621572 20384729 2 -5.439210762241955e-4 0.219615 Radj100
16 14858 rs189440379 74504096 1 5.402514807980395e-4 0.0968448 Radj100
13 4456 rs1926455 36461153 1 5.379854557534128e-4 0.474168 Radj100
8 17615 rs6473185 80782703 1 -5.355267743444427e-4 0.739933 Radj100
18 1355 rs79012808 4379584 1 5.294829663966942e-4 0.862187 Radj100
16 5024 rs753192 14000394 1 -5.272116398853718e-4 0.978899 Radj100
1 1539 rs7521197 5758772 1 5.253212327604262e-4 0.967042 Radj100
1 1089 rs1817914 4367922 1 -5.199623973792996e-4 0.608227 Radj100
2 31555 rs11890028 166943277 1 5.185943671396886e-4 0.907493 Radj100
20 4139 rs6079226 13918640 1 5.185939884028935e-4 0.98981 Radj100
17 18879 rs8074763 78859800 1 -5.183948872713585e-4 0.640147 Radj100
6 10795 rs1264362 30776590 2 -5.095608483809269e-4 0.993543 Radj100
5 2998 rs13171775 9799765 1 5.088275963450273e-4 0.230042 Radj100
2 29495 rs13422752 154277393 1 -5.085870150260985e-4 0.70618 Radj100
11 15923 rs72979230 74354146 1 5.048714197799382e-4 0.329434 Radj100
2 46796 rs55767285 240316951 1 -5.005088279224492e-4 0.880861 Radj100
20 12770 rs118187059 55377495 1 4.985985237963897e-4 0.154208 Radj100
10 27937 rs7912924 130939211 2 4.977311668931559e-4 0.988368 Radj100
5 7301 rs73067064 32731548 1 -4.95927527106405e-4 0.789621 Radj100
14 3173 rs79162176 32697327 1 -4.925693208591173e-4 0.915193 Radj100
3 34452 rs115383194 175683494 1 -4.918146038425658e-4 0.0768458 Radj100
5 12992 rs10454914 71000610 1 -4.906713029873493e-4 0.193306 Radj100
14 17759 rs72713985 100949514 1 4.89803308857535e-4 0.152933 Radj100
2 39585 rs80263293 211712979 1 -4.83157383728813e-4 0.0572799 Radj100
18 3450 rs2865121 10731428 1 -4.8313004796278816e-4 0.858483 Radj100
2 4840 rs75609318 18275312 1 -4.7978160895827403e-4 0.208694 Radj100
15 7669 rs117803799 59431200 1 -4.793988293723504e-4 0.596924 Radj100
7 15928 rs112910342 78309286 1 -4.7586655650853313e-4 0.809628 Radj100
6 9578 rs1611133 29809382 1 4.7201817747269105e-4 0.993244 Radj100
1 6354 rs34671368 23880912 1 4.7151404584590696e-4 0.89939 Radj100
6 4025 rs116123497 14082870 1 4.7133288926295215e-4 0.146491 Radj100
3 4508 rs114845694 14440968 1 4.6763971718631993e-4 0.728804 Radj100
13 13166 rs77282176 85917626 1 -4.6738138615744576e-4 0.414807 Radj100
8 4445 rs6531005 12732634 1 4.668361470556152e-4 0.895538 Radj100
2 17056 rs76982332 75277925 1 4.647073327886165e-4 0.88691 Radj100
1 40028 rs1857105 219272930 1 -4.5912836030651634e-4 0.90469 Radj100
7 1365 rs117263185 4485205 1 -4.5836866899371016e-4 0.933108 Radj100
13 742 rs35608342 22452355 1 -4.5781211237834045e-4 0.0179446 Radj100
3 34057 rs16833234 173810957 1 -4.572350756637931e-4 0.856531 Radj100
6 17056 rs79426214 41390170 1 4.4929900410264727e-4 0.944686 Radj100
2 20932 rs3791351 105128724 1 -0.00044689925788457947 0.735686 Radj100
10 3852 rs11555898 12292413 1 -4.455124731522999e-4 0.22048 Radj100
13 1517 rs9580871 24681642 1 4.452552053784458e-4 0.985112 Radj100
4 14329 rs17735360 71554246 1 4.412482510116283e-4 0.414127 Radj100
3 14573 rs17066518 62511934 1 -4.4073477194656984e-4 0.915704 Radj100
22 9028 rs10427830 49843524 1 4.3991700428156844e-4 NA Radj100
12 8174 rs79793444 33826373 1 4.359242573127981e-4 0.0683285 Radj100
8 7165 rs34649266 21358195 1 4.355943867220802e-4 0.764854 Radj100
4 16430 rs2859538 83350059 1 4.343175489238516e-4 0.972797 Radj100
6 16976 rs62396356 41167763 1 4.3231592152493244e-4 0.988456 Radj100
11 5113 rs11024102 17008605 1 -4.298141202524683e-4 0.944549 Radj100
9 11253 rs72744065 78414099 1 4.2907590316024365e-4 0.878181 Radj100
1 33040 rs114105125 184262278 1 -4.271465628365726e-4 0.250752 Radj100
16 5044 rs11860979 14071253 1 4.2558340118742003e-4 0.978383 Radj100
12 15905 rs1569033 79315180 1 -4.2436261745342553e-4 0.683598 Radj100
5 20070 rs116601935 110917936 1 -4.2318321429837043e-4 0.51846 Radj100
9 23687 rs112882584 134166167 1 -4.212328634555974e-4 0.637218 Radj100
2 3421 rs56304100 11822356 1 -4.2035838602476393e-4 0.931871 Radj100
20 8878 rs6513763 40688176 1 4.1953188135840857e-4 0.83223 Radj100
6 16212 rs17434150 37885600 1 4.186452188740009e-4 0.846055 Radj100
6 29802 rs74496307 118533136 1 -4.182774497533966e-4 0.554539 Radj100
9 13658 rs72748762 88824007 1 4.168591384135183e-4 0.498531 Radj100
2 23880 rs35524571 121336277 1 -4.0633005855232563e-4 0.986791 Radj100
8 22450 rs78935736 109661330 1 4.0478688180833715e-4 0.811516 Radj100
7 1891 rs78828172 6356121 1 -4.0158599842728213e-4 0.904665 Radj100
16 7396 rs7197564 25753011 1 -3.9964246503331374e-4 0.902329 Radj100
3 30413 rs2140302 152677226 1 3.991852646983812e-4 0.910364 Radj100
10 16080 rs16933426 78113006 1 3.957435642339432e-4 0.917042 Radj100
11 18318 rs1458382 86263113 1 -3.956772611457125e-4 0.95205 Radj100
18 589 rs118148610 2129904 1 3.943974137012725e-4 0.651137 Radj100
12 11713 rs2069408 56364321 1 -3.888711693097407e-4 0.784082 Radj100
4 29221 rs11945064 156627416 1 3.864829957357924e-4 0.874715 Radj100
16 3751 rs74963073 10102072 2 -3.849061059537243e-4 0.930644 Radj100
5 20347 rs62372743 112526403 1 -3.8463785475838626e-4 0.823811 Radj100
7 14399 rs73158012 68851139 1 -3.8356488164214316e-4 0.787303 Radj100
12 20292 rs7971212 103154985 1 3.7980346496026095e-4 0.918371 Radj100
22 6867 rs2267614 44530420 2 3.7980285734111883e-4 0.960891 Radj100
12 7762 rs116849049 31546568 1 -3.7945183511754407e-4 0.0192082 Radj100
5 11360 rs295936 58865857 1 -3.780096698229494e-4 0.613521 Radj100
5 29758 rs186100669 160113099 1 -3.7525153338060656e-4 0.0276466 Radj100
3 26809 rs9682157 134108539 1 -3.6611381695193654e-4 0.980736 Radj100
15 8740 rs1126308 63429086 1 3.6514947211149535e-4 0.993464 Radj100
1 18565 rs74957053 85856504 1 -3.6139671091224665e-4 0.625467 Radj100
4 28985 rs138511699 155533337 1 3.611484107220618e-4 NA Radj100
8 28175 rs79889160 137058821 2 -3.5364998207470936e-4 0.681029 Radj100
4 14325 rs16845359 71540886 1 -3.449908555558652e-4 0.763355 Radj100
1 29439 rs79552507 166059512 1 3.446910272616475e-4 0.527582 Radj100
9 15524 rs28495102 97803728 1 3.4185936500494003e-4 0.859802 Radj100
2 31204 rs72874148 164883783 1 -3.418030588629991e-4 0.748885 Radj100
11 21825 rs113959330 104168657 1 3.41541551352728e-4 0.467031 Radj100
5 14986 rs114359514 79747806 1 -3.412020604142366e-4 0.709287 Radj100
10 27853 rs74968539 130723537 1 -3.408239894431344e-4 0.380033 Radj100
4 11974 rs74476747 57398920 1 -3.376155524753658e-4 0.945455 Radj100
2 4017 rs79076882 14534137 1 3.3720662603828376e-4 0.0306261 Radj100
4 26828 rs114908048 144051514 1 -3.3308893582511016e-4 0.979872 Radj100
3 3598 rs80059062 10998720 1 3.327752843963239e-4 0.541357 Radj100
9 5670 rs6475335 19478606 2 3.31370247892308e-4 0.986477 Radj100
7 29073 rs201062860 148771516 1 3.3120961202435573e-4 NA Radj100
8 5853 rs73198106 17427725 1 3.295766940806282e-4 0.952319 Radj100
5 13302 rs11739808 72745041 1 -3.265313166890945e-4 0.891281 Radj100
8 3332 rs117400045 8737596 1 -3.26475164456714e-4 NA Radj100
5 25708 rs35887942 141514443 1 3.25659244203648e-4 0.979294 Radj100
12 8171 rs16921185 33794125 1 -3.235439089173236e-4 0.949357 Radj100
20 519 rs6078022 1155854 1 3.2307357563240817e-4 0.746205 Radj100
14 6186 rs79922487 49344969 1 -3.188616301559349e-4 0.704088 Radj100
11 20735 rs17133189 99041145 1 3.173280642636762e-4 0.859178 Radj100
11 13257 rs117110139 61557422 1 3.157931727253686e-4 0.247981 Radj100
15 11783 rs117629392 77413203 1 -3.153819118502898e-4 0.137116 Radj100
5 13393 rs55674784 73156002 1 -3.1420908120157284e-4 0.091609 Radj100
9 6265 rs1412829 22043926 1 -3.137657244787569e-4 0.972843 Radj100
10 20148 rs118000267 97364566 1 -0.00031284849337896053 0.921185 Radj100
12 23284 rs79157878 116892133 1 3.118994777971225e-4 0.752641 Radj100
14 13535 rs68170569 84806128 1 -3.1123700021800765e-4 0.396521 Radj100
14 6318 rs41327849 50138741 1 3.109954582277947e-4 0.382616 Radj100
5 15047 rs34560430 80117156 1 3.082899828413812e-4 0.987012 Radj100
18 16032 rs74726806 73730560 1 3.0677770867009493e-4 0.702308 Radj100
6 10848 rs78868683 30798277 1 -3.0419977002533734e-4 0.202117 Radj100
6 6669 rs9461085 24969928 1 -3.035259985252006e-4 0.714026 Radj100
14 18257 rs79075471 102476052 1 -3.0268892953000333e-4 0.938039 Radj100
10 7946 rs16929808 29468543 1 -2.9868633923858725e-4 0.903171 Radj100
19 1442 rs10411035 3492748 1 2.9837243019053807e-4 0.978322 Radj100
9 7364 rs117630423 27065690 1 2.954561717457963e-4 0.0767756 Radj100
16 4951 rs56002828 13810985 1 -2.939246422555727e-4 0.922371 Radj100
1 19872 rs74652737 92495178 1 -2.933198585744944e-4 0.90274 Radj100
7 2471 rs76174137 8483499 1 2.9320324887081465e-4 0.943327 Radj100
20 4287 rs117333363 14897830 1 -2.927700322075605e-4 0.728242 Radj100
11 28047 rs73576042 130558237 1 2.88374988322902e-4 0.572343 Radj100
3 18107 rs9851228 78702439 1 -2.8659222084537547e-4 0.600372 Radj100
12 18908 rs77264080 96398777 1 2.856358916044796e-4 0.6474 Radj100
5 28040 rs72797239 151998899 1 2.855247606436471e-4 0.916605 Radj100
8 1177 rs66705638 3005937 2 2.8544123726818665e-4 0.706519 Radj100
20 9297 rs111648462 42188807 1 -2.845845309594272e-4 0.328954 Radj100
1 47304 rs77479833 248900154 1 -2.803790936101533e-4 0.617667 Radj100
10 28650 rs80199399 133016731 2 2.784105867607951e-4 0.930717 Radj100
8 6851 rs118088440 20392646 1 2.7639295518331117e-4 0.260483 Radj100
4 10691 rs76905420 46751847 1 2.738844759497623e-4 0.181315 Radj100
10 6641 rs77744682 23593328 1 -2.7168661395284694e-4 0.933055 Radj100
13 66 rs7982646 19623713 2 2.712027991119346e-4 0.865841 Radj100
11 18818 rs117522528 88465605 1 -2.699867793108058e-4 0.389237 Radj100
11 92 rs7105244 358704 1 -2.678685519284518e-4 0.823427 Radj100
1 25302 rs116836731 146535638 1 2.6752363595067285e-4 0.924004 Radj100
6 12867 rs17207552 31765056 1 -2.621109030450965e-4 0.854336 Radj100
6 4245 rs35084905 14991919 1 2.61612132428794e-4 0.726025 Radj100
9 15067 rs2296667 95274338 1 2.6109105716264546e-4 0.989407 Radj100
6 22635 rs118062348 76140097 1 -2.5978872613515277e-4 0.174705 Radj100
7 26568 rs6963420 137571923 1 2.581716914494298e-4 0.573778 Radj100
2 24041 rs79449496 121900572 1 2.559797492380446e-4 0.953518 Radj100
8 7162 rs13255593 21352038 1 -2.551217795012084e-4 0.965958 Radj100
6 21792 rs61741206 71190687 1 -2.5370554763338055e-4 0.701692 Radj100
1 37156 rs17434047 206665720 1 -2.53086966522355e-4 0.581511 Radj100
4 9618 rs12499840 40592629 2 2.5183589232775493e-4 0.917558 Radj100
11 14769 rs67039008 68898009 2 2.508923823470356e-4 0.886867 Radj100
12 6229 rs57774163 24546424 1 -2.475984904101929e-4 0.419445 Radj100
6 37269 rs117426532 155649545 1 2.4487921643995085e-4 0.83935 Radj100
12 24445 rs116961756 121781489 1 2.4284763040871752e-4 0.224429 Radj100
1 14506 rs17389226 63419757 1 -2.4168175565152306e-4 0.547224 Radj100
1 37344 rs76132584 207348197 1 -2.398581342451354e-4 0.829904 Radj100
4 24030 rs6833512 126809047 1 2.3951279154104974e-4 0.97782 Radj100
12 14521 rs7296873 71255264 1 -2.3907899564767787e-4 0.990457 Radj100
5 27415 rs56048668 149460542 1 -2.3626280433558712e-4 0.0100441 Radj100
12 652 rs113650811 2148227 1 2.347386441879466e-4 0.279787 Radj100
12 10035 rs112770695 49190376 1 -2.3426492715133358e-4 0.332846 Radj100
8 23256 rs10093354 115863500 1 -2.319365950323516e-4 0.974652 Radj100
3 36626 rs114555847 186129300 1 -2.287864644948847e-4 0.866042 Radj100
12 10635 rs73093059 52331293 1 2.272995994934784e-4 0.828609 Radj100
16 14609 rs62044993 73567745 1 2.2598568302570538e-4 0.331564 Radj100
14 5079 rs35808895 41581841 1 2.2570385964200008e-4 0.804101 Radj100
13 13543 rs1556567 88752357 1 2.2495448195749036e-4 0.973356 Radj100
1 43298 rs17517406 234483804 1 2.2470838332745843e-4 0.808839 Radj100
18 2291 rs17525888 7205135 1 2.232027536109289e-4 0.273931 Radj100
3 8357 rs73061494 31988078 1 -2.2304507487540563e-4 0.866553 Radj100
8 13753 rs10504247 58837634 1 -2.216535688010104e-4 0.815064 Radj100
4 24022 rs4077738 126749905 1 2.214094436375678e-4 0.841073 Radj100
10 20143 rs116489201 97339775 1 2.211593864162427e-4 0.975094 Radj100
10 7709 rs2616624 28636719 1 2.2055826908387545e-4 0.927854 Radj100
10 9496 Affx-35517038 37276377 1 2.2048378742276975e-4 NA Radj100
12 25447 rs422931 125896922 1 2.1798575701385375e-4 0.611033 Radj100
5 20969 rs78552251 115843332 1 2.1777658826214818e-4 0.524829 Radj100
1 37734 rs17187757 208994548 1 2.1562549930559616e-4 0.85501 Radj100
9 15839 rs78270905 99344367 1 2.1552998546805205e-4 0.0453032 Radj100
12 7489 rs1574315 30198397 1 2.155097693493923e-4 0.287125 Radj100
6 27168 rs76338698 104197160 1 -2.1499261815750422e-4 0.847308 Radj100
3 23706 rs114740671 118124359 1 -2.1259438985661949e-4 0.812887 Radj100
19 9468 rs61910733 38189555 1 2.1136068360803195e-4 0.0857608 Radj100
16 843 rs7190284 2116083 1 2.095342771784244e-4 0.922435 Radj100
3 4841 rs17485446 15614923 1 2.0727636314254983e-4 0.103721 Radj100
19 10706 rs17724968 43995239 1 2.066153007131451e-4 0.947197 Radj100
7 11829 rs79834369 48318242 1 2.0210542990430893e-4 0.0604067 Radj100
9 24344 rs9696616 136414531 1 2.0143064408001805e-4 0.982798 Radj100
8 13102 rs11784295 55385698 1 1.989560297526771e-4 0.746989 Radj100
21 4785 rs9979868 35686501 1 -1.9879115247533832e-4 0.948251 Radj100
2 33052 rs72908237 173742379 1 -1.9561887031860548e-4 0.181357 Radj100
11 11451 rs1685404 47243665 2 1.9533876094828386e-4 0.858448 Radj100
16 13326 rs6499069 66375505 1 1.9473757014937062e-4 0.298843 Radj100
6 25672 rs9452533 94761631 2 1.9346562720117062e-4 0.975337 Radj100
21 6369 rs2837352 41363778 1 -1.932727737220731e-4 0.943698 Radj100
1 46643 rs113782518 246114373 1 -1.931684799333082e-4 0.733209 Radj100
2 38660 rs36087789 206659474 1 -1.9218656716180884e-4 0.865853 Radj100
11 8963 rs2027495 34745964 1 -1.917936542443859e-4 0.991199 Radj100
10 8244 rs586594 30588673 1 -1.9090034837975818e-4 0.690706 Radj100
6 17606 rs138057759 43411992 1 1.9043283958152709e-4 0.00176261 Radj100
10 23738 rs138050139 115380419 1 -1.857981264436579e-4 NA Radj100
22 2861 rs117537977 27835627 1 1.838943826617954e-4 0.206454 Radj100
10 3506 rs72773980 11212453 1 -1.8317760193358726e-4 0.759353 Radj100
7 29066 rs10952789 148738938 2 1.8184178513488955e-4 0.868833 Radj100
14 2374 rs10133195 28295788 1 1.809640589187114e-4 0.672995 Radj100
8 10415 rs76883144 36048060 1 -1.7974808277091737e-4 0.464848 Radj100
11 18260 rs72963956 85955662 1 -1.7924385605085335e-4 0.521179 Radj100
2 23763 rs62168280 121036385 1 1.773132610325739e-4 0.992347 Radj100
12 28171 rs12315504 133525734 1 1.7674016298151784e-4 0.897795 Radj100
1 46375 rs55858959 245370329 1 1.7538554815504497e-4 0.913207 Radj100
4 30542 rs6834751 163967596 1 -1.7493884617797735e-4 0.749041 Radj100
2 47249 rs141249079 241569447 1 1.7179120337301794e-4 NA Radj100
6 9312 rs385492 29649547 1 -1.7119632091385387e-4 0.986805 Radj100
5 2912 rs16882975 9516477 1 1.711662461891752e-4 0.468082 Radj100
5 2865 rs13176952 9389777 2 1.6687764958133204e-4 0.978491 Radj100
1 16112 rs74781363 71737147 1 -1.649166026823724e-4 0.37421 Radj100
10 3488 rs117821365 11158733 1 -1.646531280302547e-4 0.947552 Radj100
14 5333 rs116436141 43347820 1 1.640679016319712e-4 0.914392 Radj100
12 25640 rs4765327 126543545 1 -1.6355145399990338e-4 0.989149 Radj100
6 32567 rs2627231 134374673 1 1.6308608990466737e-4 0.883825 Radj100
7 11579 rs74500331 47488467 1 -1.6028160812969818e-4 0.9107 Radj100
5 1203 rs73733771 3329664 1 -1.5637053576823947e-4 0.859643 Radj100
11 6329 rs10766789 21378172 1 1.5585059167982432e-4 0.764499 Radj100
14 18940 rs2841267 105385055 1 -1.5511879832178665e-4 0.569329 Radj100
1 45367 rs116241822 241568886 1 1.5480368764957643e-4 0.812126 Radj100
17 13341 rs11868441 59239221 1 -1.5164709487508967e-4 0.944778 Radj100
11 15565 Affx-5869209 72360787 1 1.514062902783034e-4 0.824692 Radj100
16 5500 rs62030784 17166305 1 1.509913323319356e-4 0.950123 Radj100
6 36379 rs76961596 152115788 1 -1.5065740349796817e-4 0.275193 Radj100
9 13407 rs78971890 87573079 1 1.4832884722764262e-4 0.313995 Radj100
4 5782 rs77233244 22418804 1 1.4681057309149715e-4 0.869917 Radj100
2 39890 rs72945643 213114263 1 1.4654426146456205e-4 0.906059 Radj100
5 10171 rs34951049 53339196 1 -1.456130797500453e-4 0.790756 Radj100
10 7555 rs2505330 27775851 1 1.4553630390825767e-4 0.981715 Radj100
3 724 rs9854419 2426632 1 -1.418390460017519e-4 NA Radj100
13 13549 rs61961761 88776412 1 -1.4123179389088274e-4 0.763515 Radj100
2 5157 rs62126604 19705071 1 -1.3776346624297137e-4 0.927403 Radj100
1 47235 rs78811906 248435253 1 1.3733547302326797e-4 0.9824 Radj100
19 12216 rs8108419 48993840 1 -1.3630156972197044e-4 0.863701 Radj100
1 1410 rs912991 5358384 1 -1.3452809906147405e-4 0.819147 Radj100
12 4005 rs11611183 13807004 1 1.3361346590178445e-4 0.865286 Radj100
15 15420 rs79101792 92690154 1 1.3226745183259213e-4 NA Radj100
3 26831 rs1498719 134172488 1 1.3120071311225674e-4 0.960516 Radj100
2 34389 rs142951505 179647533 1 -1.311138290324413e-4 NA Radj100
8 13066 rs16920077 55247102 1 -1.2896564330555342e-4 0.791244 Radj100
16 19474 rs11640000 86049947 1 -1.281510843684776e-4 0.954723 Radj100
9 14969 rs55845314 94659244 1 1.2717403339588363e-4 0.934773 Radj100
3 21640 rs62263291 107113105 1 1.2682046793883057e-4 0.991086 Radj100
5 19881 rs114664839 109957801 1 -1.261283670669464e-4 0.633108 Radj100
1 2906 rs28991009 11253684 1 1.2523478597100765e-4 0.330215 Radj100
7 17009 rs10235789 83656800 1 1.2411656134618374e-4 0.983337 Radj100
6 16112 rs11755639 37569565 1 1.2353767733804146e-4 0.917669 Radj100
6 40494 rs7770588 168305276 1 -1.2327643983689243e-4 0.817265 Radj100
4 21433 rs114471774 111345401 1 -1.2270790536674252e-4 0.961728 Radj100
12 22062 rs11065854 111736078 1 1.2269569611145762e-4 0.839769 Radj100
1 37030 rs954206 205807504 1 -1.2099970292559551e-4 0.973862 Radj100
14 9139 rs4902214 63670903 1 -1.199738699307152e-4 0.83041 Radj100
20 4925 rs73900024 17037976 1 -1.1980934941199602e-4 0.972637 Radj100
9 15029 rs471478 95001109 1 1.1932751558737645e-4 0.929352 Radj100
12 22731 rs12581177 114944003 1 1.1883982561914668e-4 0.770542 Radj100
15 7849 rs117476661 60025094 1 -1.1781279320553418e-4 0.296016 Radj100
4 1553 rs1351358 5742595 1 -1.1765141358141066e-4 0.361207 Radj100
8 14319 rs78441130 61943238 1 -1.1318932317462495e-4 0.185914 Radj100
9 2842 rs4606116 8778133 1 1.1259695439566519e-4 0.845605 Radj100
8 17011 rs17420915 76926301 2 -1.1160141336149665e-4 0.966066 Radj100
3 20528 rs1143774 100475568 1 -1.0997310624266375e-4 0.986481 Radj100
3 30023 rs28685760 150630041 1 1.0961218687686818e-4 0.599408 Radj100
9 17498 rs2437819 107699196 2 -1.0913489558784129e-4 0.973632 Radj100
1 20226 rs77630498 94770125 1 1.0819493787315724e-4 0.0728883 Radj100
1 34475 rs72733296 193725592 1 1.0758180367568146e-4 0.89868 Radj100
4 11771 rs10022787 56521889 2 1.0591843107526938e-4 0.971637 Radj100
11 4526 rs56105729 13428100 1 1.0292140290444544e-4 0.939184 Radj100
5 14172 rs34168463 76390967 1 -1.0094046375972438e-4 0.810174 Radj100
9 6924 rs117703887 24971701 1 1.0064173149326775e-4 0.836417 Radj100
5 11025 rs77961980 57133093 1 9.71031576247019e-5 0.0917841 Radj100
2 11106 rs72801207 45945033 1 9.597386721734104e-5 0.889634 Radj100
13 955 rs9316867 22849324 1 -9.406108771474132e-5 0.759159 Radj100
1 32292 rs12048384 180593461 1 -9.384470156817753e-5 0.658534 Radj100
5 20672 rs2100521 114638625 1 9.371199509187287e-5 0.859141 Radj100
20 9843 rs77098668 44249970 1 9.356955683604502e-5 0.936082 Radj100
15 15832 rs12899930 93817700 1 -9.33103617780685e-5 0.946482 Radj100
13 17844 rs117856042 107933901 1 9.314571787193726e-5 0.333214 Radj100
11 9793 rs72960946 38446971 1 -9.200141634225278e-5 0.0228739 Radj100
1 11377 rs72690303 48053626 1 9.165364977470038e-5 0.820102 Radj100
5 33447 rs157471 174944908 1 -9.114371675470847e-5 0.988613 Radj100
11 14757 rs1123665 68855197 1 9.071060826487451e-5 0.983308 Radj100
7 5849 rs62446122 22101083 1 -9.063278453998435e-5 0.820959 Radj100
8 6245 rs1121922 18519032 1 9.058712841317406e-5 0.871631 Radj100
4 15931 rs3924925 80597779 1 9.021007491600042e-5 0.983965 Radj100
1 20644 rs189868972 97392458 1 -9.001979624611035e-5 0.0955352 Radj100
5 34421 rs7736370 178770100 1 8.972950426145828e-5 0.788103 Radj100
6 13161 rs4713505 32105001 1 -8.86936481807529e-5 0.980815 Radj100
3 6356 rs62256975 23605098 1 8.865055652622175e-5 0.890798 Radj100
4 9557 rs2292039 40427990 1 -8.597804173267394e-5 0.767163 Radj100
7 18440 rs17165187 92859533 1 -8.520395882586407e-5 0.8866 Radj100
4 21395 rs13111540 111189343 1 8.388766540389438e-5 0.974776 Radj100
2 29001 rs75267023 151598274 1 8.242532391224984e-5 0.762253 Radj100
17 1394 rs11651131 3783872 1 -8.102353059167859e-5 0.908503 Radj100
12 5580 rs61926272 21602237 1 -8.055312736986558e-5 0.631265 Radj100
5 13172 rs431619 71845634 1 -7.986127934480758e-5 0.965162 Radj100
8 3172 rs56215812 8185746 1 7.981923501066516e-5 0.385547 Radj100
7 4981 rs78125401 18883682 1 -7.968540622798043e-5 0.427977 Radj100
1 19150 rs116651589 88685132 1 -7.933062463277137e-5 0.900525 Radj100
8 641 rs3735870 1822713 1 7.923327842869212e-5 0.713471 Radj100
9 8849 rs10814123 34561808 2 -7.736642966163538e-5 0.884874 Radj100
16 4943 rs179587 13784003 1 -7.492160723641483e-5 0.310838 Radj100
22 5312 rs229526 37581422 2 -7.39889799963797e-5 0.967225 Radj100
6 41181 rs13197087 170578081 1 7.326433144692589e-5 0.795622 Radj100
7 19944 rs56194187 100740322 1 7.240825766602091e-5 0.793577 Radj100
11 21834 rs12790338 104229419 1 7.202559829301608e-5 0.061755 Radj100
4 9230 rs34293100 38892221 1 -7.186032716181331e-5 0.94959 Radj100
3 18861 rs1584860 84832223 1 -6.988760379643716e-5 0.992982 Radj100
1 43066 rs10910200 233643856 1 6.830880749548597e-5 0.889215 Radj100
2 26299 rs79425817 134852025 1 6.780604789614456e-5 0.783188 Radj100
3 34798 rs17631673 177198248 2 -6.77293100052246e-5 0.978371 Radj100
2 32288 rs71430665 170128392 1 6.725700080257824e-5 0.282702 Radj100
18 3539 rs11665509 11029609 1 6.717674778553398e-5 0.760127 Radj100
10 3749 rs72775944 11925054 1 6.555762921173586e-5 0.895893 Radj100
12 27033 rs89691 130306177 2 6.482861024401478e-5 0.98802 Radj100
6 35085 rs79433163 147060609 1 6.445090680858498e-5 0.316439 Radj100
2 10656 Affx-20090699 44104925 1 -6.34120831848666e-5 0.853858 Radj100
1 46093 rs57681664 244446852 1 6.301996525997091e-5 0.895966 Radj100
1 12245 rs1288588 53870831 1 6.219776039261872e-5 0.88883 Radj100
9 16842 rs2181038 104623443 1 6.183899176045063e-5 0.95455 Radj100
2 38284 rs11688969 205173286 1 6.112741127118926e-5 0.946787 Radj100
1 600 rs10752733 3104630 1 6.053834081518596e-5 0.704748 Radj100
11 15810 rs142277857 73753106 1 5.970524279931635e-5 0.0100032 Radj100
1 37417 Affx-6680695 207795320 2 -5.91460438945907e-5 0.968655 Radj100
10 10095 rs1963172 45317052 1 -5.856591486039074e-5 0.943871 Radj100
15 18578 rs55792173 101968821 1 -5.840432292642835e-5 0.50681 Radj100
4 13048 rs13434994 63029081 1 5.764999567792385e-5 0.920861 Radj100
3 29938 rs199994540 150289757 1 -5.686641478927085e-5 NA Radj100
2 10298 rs77429532 42637261 1 5.4183909903609435e-5 0.938344 Radj100
10 8247 rs668126 30604416 1 5.330289371250598e-5 0.743839 Radj100
2 10393 rs34537790 43171183 1 5.2963667355592595e-5 0.821746 Radj100
20 4931 rs118164542 17069087 1 -5.238012311343398e-5 0.728617 Radj100
13 9054 rs78276390 61618952 1 -5.210738343771014e-5 0.93909 Radj100
2 44578 rs62191568 233416195 1 -5.133733102847189e-5 0.881477 Radj100
7 19288 rs117054487 97616032 1 4.993005358321221e-5 0.574952 Radj100
4 18557 rs17301372 95027423 1 4.9453671868677585e-5 0.545741 Radj100
8 640 rs3735869 1822639 1 -4.942890878301486e-5 0.716332 Radj100
4 35649 rs13434707 185801567 1 -4.937177761421747e-5 0.662622 Radj100
18 10634 rs118089345 50759220 1 -4.8659354830493475e-5 0.109768 Radj100
17 11034 rs79577600 48043662 1 -4.797437361581129e-5 0.886194 Radj100
5 21367 rs77086220 117585882 1 4.70175476491355e-5 0.124983 Radj100
7 23118 rs77677798 118420978 1 4.419762407724687e-5 0.498505 Radj100
6 13472 rs1003878 32299822 1 -4.3694030449614054e-5 0.994493 Radj100
13 9174 rs117679086 62680971 1 -4.249701896738217e-5 0.4159 Radj100
9 5669 rs10757062 19476652 1 4.2191479052370895e-5 0.978659 Radj100
6 22055 rs200422266 72892633 1 4.199629215917725e-5 0.015154 Radj100
5 27699 rs1363564 150534432 1 -4.130205229790519e-5 0.969367 Radj100
2 13042 rs4627617 54660456 1 -4.047017875115954e-5 0.963944 Radj100
1 11328 rs4926858 47875627 1 4.0210953378755997e-5 0.96999 Radj100
5 29224 rs115143350 157779074 1 -4.0150553013364465e-5 0.0741751 Radj100
8 13878 rs142708991 59404935 1 -3.99581357647107e-5 0.0514164 Radj100
12 19479 rs77331997 99035199 1 3.860252990714819e-5 0.967248 Radj100
1 7983 rs74886700 31844441 1 3.7407296714500344e-5 0.213467 Radj100
5 9973 rs7704476 52227798 1 -3.684047385110849e-5 0.884575 Radj100
2 20053 rs115257107 100181858 1 3.6380346287170936e-5 0.0907583 Radj100
8 29760 rs4917300 143121671 2 3.415412815341729e-5 0.947551 Radj100
10 22494 rs10748954 109397035 1 3.402882267541729e-5 0.981868 Radj100
13 6106 rs9533573 44235707 1 -3.365839508637972e-5 0.721821 Radj100
22 4294 rs76519794 34128731 1 -3.269566185105473e-5 0.969711 Radj100
11 9022 rs79438656 34999080 1 3.253131132889697e-5 0.941771 Radj100
17 10929 rs2584668 47557284 1 3.1594205426861424e-5 0.637477 Radj100
5 31447 rs61644210 168226135 1 2.9665736258156023e-5 0.64201 Radj100
8 4911 rs113291523 14201673 1 2.889177291987878e-5 0.728241 Radj100
11 7478 rs7128823 26692742 1 -2.5607611656024512e-5 0.973341 Radj100
8 4515 rs118080825 12926012 1 -2.511726884576189e-5 0.767926 Radj100
7 30179 rs2948962 152570981 1 2.4612198611137784e-5 0.820776 Radj100
7 1488 rs200957609 4824629 1 -2.4116305008312587e-5 NA Radj100
21 8374 rs4819063 46746161 1 -2.3012109949085327e-5 0.251472 Radj100
20 5839 rs6046858 20412652 1 -2.2740711758487075e-5 0.599437 Radj100
2 4863 rs2011027 18351537 1 2.2270531377870794e-5 0.178115 Radj100
3 364 rs114483549 1322135 1 -1.8080095709278467e-5 0.496296 Radj100
11 10188 rs4370928 40824308 1 1.700601804256142e-5 0.964078 Radj100
5 13693 rs114856806 74131010 1 1.6757495161376253e-5 0.0155154 Radj100
5 24518 rs79387372 135218891 1 -1.6543745809242913e-5 0.452768 Radj100
11 17323 rs72937918 80672314 1 1.6390742833304583e-5 0.141912 Radj100
19 14089 rs112327401 53955203 1 1.6309170765836353e-5 0.898881 Radj100
9 21362 rs1953126 123640500 1 1.5256932167611537e-5 0.99126 Radj100
3 11145 rs1024626 45902844 1 1.444606682993476e-5 0.294555 Radj100
6 13322 rs9267873 32199352 1 1.3975980559149024e-5 0.97231 Radj100
16 830 rs1132368 2087562 1 1.3958251682664185e-5 0.764368 Radj100
6 32839 rs149456294 135460476 1 -1.2829891424478518e-5 0.0190408 Radj100
12 1400 rs4238010 4118317 1 -1.185752423435574e-5 0.831389 Radj100
3 36642 rs6767055 186193436 1 -1.1324140645095822e-5 0.972755 Radj100
14 8922 rs4902100 62549819 1 -1.0851868234106467e-5 0.942362 Radj100
6 30511 Affx-27610131 123687288 1 -1.0673840208003383e-5 0.963125 Radj100
8 8670 rs77243908 26908652 1 1.019320060764123e-5 0.798569 Radj100
3 39207 rs56149727 194575051 1 8.635476670295084e-6 0.949229 Radj100
17 16047 rs78484494 71294458 1 -7.655202495914048e-6 0.394738 Radj100
10 5678 rs79500087 18596488 1 -7.16067985953172e-6 0.719683 Radj100
18 3197 rs17437485 10114481 1 -7.147391648837891e-6 0.289929 Radj100
16 9208 rs152654 49444746 1 -6.195299652875617e-6 0.678839 Radj100
3 38044 rs6778322 190527021 1 -4.604353506913667e-6 0.973671 Radj100
7 15933 rs323174 78338629 1 -4.154768306279904e-6 0.967952 Radj100
15 14480 rs1878329 89488905 1 -2.9690792599442523e-6 0.974111 Radj100
6 13168 rs3134608 32117971 1 -2.8425910197636517e-6 0.974132 Radj100
6 26824 rs2788275 101890798 1 -2.633761535208443e-6 0.674097 Radj100
6 22747 rs7768578 76909761 1 1.2327523728854157e-6 0.981592 Radj100
6 25882 rs4631292 96287987 1 7.329787824605459e-7 0.92895 Radj100
19 14667 rs76546271 55211267 1 -5.625064881556665e-7 0.928326 Radj100
