CHR Group SNP.lead BP.lead Size W R2 Resolution
9 4613 rs10965219 22053687 4 0.046640738748561554 0.989943 Radj75
4 1848 rs4552460 7863618 1 -0.01857857270090448 0.988065 Radj75
12 17188 rs10774751 114755640 2 0.018437360413303346 0.59728 Radj75
1 22128 rs4656461 165687205 1 0.016301275368748477 0.951932 Radj75
7 3399 rs10253202 17338425 1 -0.014809208412180946 NA Radj75
9 3451 rs41311434 15447191 1 0.013467260563245301 0.586392 Radj75
9 12001 rs76605533 100624553 1 -0.010771932027774867 0.0470164 Radj75
10 4738 rs11812422 22533935 1 -0.010471620810329766 0.830722 Radj75
5 1207 rs113311257 5045325 1 -0.00995148361765744 0.0192528 Radj75
12 2448 rs73058808 11654041 1 0.009947977203824381 0.90561 Radj75
5 10212 rs76488683 73874913 1 0.009739196832838777 0.153956 Radj75
5 3855 rs73741572 21599848 2 -0.009589858015612785 0.853846 Radj75
6 6778 rs29218 29607429 2 0.009335028247713465 0.975945 Radj75
20 7463 rs79475204 44302649 1 0.009282130328161064 0.965946 Radj75
10 21269 rs72838617 132208098 1 0.008545962200083714 0.323213 Radj75
8 5262 rs116985677 21494348 1 0.008481291087036578 NA Radj75
6 29417 rs10945914 164096376 1 0.008150944204103791 0.95089 Radj75
1 30230 rs12747089 219438022 1 0.007924225409842684 0.869608 Radj75
1 4763 rs11249187 25187952 1 -0.007572578105238334 0.49207 Radj75
4 14447 rs75734752 98970424 1 0.00749982002041758 0.0656453 Radj75
1 10369 rs114016196 60975981 1 0.007263300110038136 NA Radj75
3 8822 rs114924982 50391167 1 0.007238807945491791 0.15085 Radj75
10 14678 rs11187233 94739383 1 0.007118358485004089 0.173268 Radj75
1 22704 rs115686841 168849245 1 -0.006977433319079357 0.940202 Radj75
11 17516 rs11214546 113106528 1 0.0068844319068470175 0.0531434 Radj75
17 2354 rs3785981 9084318 1 0.006818665196981573 0.965624 Radj75
9 4611 rs1063192 22003367 1 0.0065985310073958985 0.978873 Radj75
14 7934 rs17766799 71348436 1 0.006583461946541735 0.024323 Radj75
17 860 rs16953127 3427705 1 -0.006579219789875447 0.231969 Radj75
9 11134 rs117175311 94468672 1 0.006551868641982648 0.475949 Radj75
3 184 rs6803481 976815 1 0.006032473936539598 0.902262 Radj75
6 12182 rs61740187 43401027 1 0.006001219969724201 0.00274982 Radj75
6 4235 rs6940835 20274662 1 -0.005736790727527519 0.750079 Radj75
10 20973 rs7912924 130939211 1 0.005661438069129951 0.977713 Radj75
12 19365 rs117110677 126503240 1 -0.005523981142678101 0.768987 Radj75
9 16059 rs881375 123652898 3 0.005522642891344345 0.990151 Radj75
12 5278 rs118027363 28716105 1 -0.005462469225890858 0.355204 Radj75
4 1856 rs6811851 7911771 2 0.0054181069035135546 0.946655 Radj75
1 2506 rs148083107 14109023 1 -0.005401739953164378 NA Radj75
12 19371 rs6489042 126544562 1 -0.005258791243236165 0.823379 Radj75
15 13327 rs112212028 99538491 1 -0.005146834520629974 0.242839 Radj75
1 8778 rs113641619 51643319 1 -0.005071045785971005 0.898849 Radj75
6 5027 rs2753921 24417620 1 -0.005010808649409613 0.888798 Radj75
6 21726 rs35548455 116720514 2 0.004828018831656095 0.978234 Radj75
1 16320 rs4908249 102950021 1 0.004770972388158875 0.915808 Radj75
2 8442 rs75516527 47067353 1 -0.004726372518977286 0.165404 Radj75
8 17228 rs76949029 111971305 1 -0.004691672300686713 0.573881 Radj75
16 4655 rs76621572 20384729 2 0.004663700159574302 0.219615 Radj75
3 28661 rs80216934 190631095 1 -0.004654884590334661 0.0736116 Radj75
9 7216 rs11792999 39154913 1 0.0046354337735389686 0.347513 Radj75
11 8366 rs145466300 46564053 1 0.004622999252165078 NA Radj75
7 2030 rs75403309 9328127 1 -0.004522140940573983 0.405353 Radj75
19 11402 rs149164646 56424305 1 0.004487482506341231 NA Radj75
19 3555 rs7250180 14023191 1 0.004475538474684236 0.0119272 Radj75
10 8851 rs117690865 57142079 1 0.004358332771790307 0.259533 Radj75
1 6455 rs76127800 35628705 1 0.004284481636323612 0.299315 Radj75
2 1712 rs11899670 8618836 1 0.004192234330725181 0.52225 Radj75
14 2926 rs149121781 35596805 1 0.004186837319813615 NA Radj75
10 15082 rs41291572 97453703 1 0.004060890414021229 0.976189 Radj75
4 7143 rs12499840 40592629 1 -0.004008256225742682 0.894097 Radj75
20 7510 rs35156034 44578991 1 0.003992981743826273 NA Radj75
16 11260 rs35085250 74233216 1 -0.003941928368114206 0.91355 Radj75
15 1045 rs12913832 28365618 1 0.003870701260376272 0.981234 Radj75
11 13610 rs72955481 86321718 1 -0.0038673846614939262 0.983292 Radj75
11 14130 rs78611822 90179161 1 0.003813087519365955 0.806751 Radj75
6 26311 rs9377077 148053041 1 -0.0037748202746735876 0.928614 Radj75
9 3420 rs118121429 15276813 1 -0.003745503257142722 0.597823 Radj75
4 19376 rs72714102 138052648 1 0.003711339118722135 0.45341 Radj75
8 4259 rs73198106 17427725 1 0.0037029205054969613 0.952183 Radj75
4 23593 rs17505964 167015529 1 -0.003695545909231228 0.925168 Radj75
19 6881 rs140331892 36278945 1 0.003677326638850076 NA Radj75
16 2801 rs75528578 9997641 1 0.0036764003272749582 0.516736 Radj75
14 10812 rs2896078 89048905 1 0.0036726788309952977 0.967569 Radj75
1 1091 rs7521197 5758772 1 0.0036403914253814824 0.969745 Radj75
5 10489 rs80233413 75829759 1 -0.003634683107658806 0.823867 Radj75
10 3188 rs11597486 13833814 1 0.0036201774270970184 0.827509 Radj75
12 12533 rs143578267 83670920 1 -0.0035810140116283124 0.0798345 Radj75
19 10995 rs76546271 55211267 1 -0.0035778271073699857 0.928326 Radj75
5 19402 rs2961692 141564716 2 0.0035626551696513542 0.878354 Radj75
18 919 rs34025036 4348101 2 -0.0035302201619537617 0.800507 Radj75
11 6904 rs4756350 36810762 1 0.00352334701617886 0.977746 Radj75
13 10226 rs61961761 88776412 1 -0.0034302526605311744 0.763695 Radj75
10 15740 rs17222617 101578952 1 -0.0034238100819309323 0.110952 Radj75
4 16039 rs17040904 110772711 1 0.0033827471583567346 0.928592 Radj75
20 5012 rs6083730 25027526 1 -0.003361347812413643 0.88599000000000006 Radj75
2 11709 rs114479296 69223296 1 0.003358075812899952 0.396485 Radj75
1 20338 rs11264525 156658926 1 -0.0033535876736427465 0.793179 Radj75
4 23768 rs112111671 168324025 1 0.003348917802919134 0.765 Radj75
18 4367 rs12963523 26687028 1 0.00334694432783707 0.919024 Radj75
16 2977 rs1077069 10754400 1 0.0033247653658178737 0.634729 Radj75
10 5827 rs16929808 29468543 1 -0.0033136574236016653 0.893853 Radj75
9 12640 rs16920763 104553765 1 -0.0032798815281990536 0.879389 Radj75
6 24931 rs140836920 138628503 1 0.003191893643740504 0.00185422 Radj75
6 15572 rs118171209 71429237 1 -0.003086482733215666 0.916136 Radj75
15 11966 rs12899930 93817700 1 -0.003081643823193153 0.898246 Radj75
2 14103 rs56228924 85658862 1 0.003063173338736346 0.942183 Radj75
19 7149 rs117140332 38327261 1 0.003046205367969814 0.0942829 Radj75
2 15631 rs6725560 105475330 1 -0.0030128494217260284 0.835975 Radj75
21 4949 rs117579498 41844988 1 -0.0030122040249912544 0.465966 Radj75
4 22400 rs6818862 158701534 1 -0.002977875298742625 0.982286 Radj75
8 6513 rs78505933 27884253 1 -0.002959886273795337 0.804498 Radj75
3 25315 rs73180246 171697302 2 0.002958268059841149 0.925601 Radj75
11 7133 rs72960946 38446971 1 -0.002957521679216207 0.0228739 Radj75
7 21144 rs28874913 143690673 1 -0.002942513139292864 0.858277 Radj75
1 15548 rs61786355 97772282 1 0.002918029055401467 0.370415 Radj75
20 1499 rs116974960 6245349 1 -0.0029167740060752137 0.902201 Radj75
7 12602 rs10235789 83656800 1 0.0029148270723423535 0.983252 Radj75
9 2793 rs2382371 12780295 1 -0.0028579062435488698 0.910511 Radj75
17 14109 rs11150864 78532751 1 -0.002845654909688927 0.934428 Radj75
2 9276 rs13015643 52369737 1 0.002840012497720205 0.854308 Radj75
10 1363 rs184954504 5788373 1 0.002834259245010947 NA Radj75
4 12378 rs3796470 83381564 1 0.0028214111031942173 0.775192 Radj75
1 7921 rs74501338 44844971 1 -0.002817367762150591 0.607339 Radj75
4 14609 rs35719513 100260783 1 0.0028057653209803196 NA Radj75
7 13754 rs17165187 92859533 1 -0.0028021339943029725 0.8866 Radj75
2 16095 rs72826929 108440519 2 -0.0027991357881924773 0.745268 Radj75
4 1850 rs28503942 7864661 1 -0.0027837567914288197 0.994011 Radj75
1 8488 rs12411097 48532040 1 -0.00274301018680058 0.881854 Radj75
3 5204 rs9310795 26299547 1 0.0027389052046233042 0.0329637 Radj75
3 331 rs73004011 1586698 1 -0.0027249392515154326 NA Radj75
2 23658 rs121917956 166848003 1 0.0026933632928901187 0.0496564 Radj75
6 2532 rs115493357 11296040 1 -0.002687618690488217 0.0730485 Radj75
6 6818 rs3129063 29645613 1 -0.00268317344533986 0.99221 Radj75
10 8859 rs78270405 57204964 1 -0.002676758187555213 0.0905041 Radj75
1 779 rs1817914 4367922 1 -0.0026504335997814587 0.60833 Radj75
3 11074 rs17397377 63495675 1 0.0026499247335063413 0.321187 Radj75
8 22814 rs1871534 145639681 1 -0.0026420618606937682 NA Radj75
5 4625 rs76145452 27847229 1 -0.0026336640349010946 0.941433 Radj75
4 16148 rs114471774 111345401 2 -0.0026274112966746606 0.937771 Radj75
11 19259 rs75576335 121973180 1 -0.0026094971487526986 0.0650415 Radj75
6 18146 rs16882747 91054471 1 0.0025839933761131065 0.479268 Radj75
1 19008 rs142042030 145533551 1 -0.0025752233286799628 NA Radj75
9 19503 rs61754920 140392616 1 -0.002570079750378179 0.742534 Radj75
9 5433 rs117630423 27065690 1 0.0025130368101034042 0.0767756 Radj75
16 15123 rs4461080 87269061 1 0.002495327057482811 0.605399 Radj75
5 22432 rs186100669 160113099 1 -0.0024935053696132246 0.027454 Radj75
15 11115 rs117209589 90127775 2 0.0024872302398932346 0.945568 Radj75
10 17046 rs72825945 110312784 1 0.002473862055841547 0.664219 Radj75
13 47 rs7982646 19623713 2 -0.0024626725064659243 0.854232 Radj75
6 6825 rs3131888 29663889 1 -0.002450216643002289 0.994143 Radj75
9 778 rs111251176 2911765 1 -0.00244654420571558 0.709517 Radj75
16 10848 rs7187517 72250217 1 -0.0024451308844234106 0.686214 Radj75
6 7604 rs1264362 30776590 1 0.0024362746752352874 0.993543 Radj75
6 11251 rs141263020 38890849 1 -0.002434669844005197 0.0303483 Radj75
3 25693 rs16833234 173810957 1 -0.002430786948904024 0.85647 Radj75
2 28409 rs114484975 201722832 1 -0.0024282639544845053 0.0169172 Radj75
10 5580 rs2815568 27985230 1 -0.0024196523887437824 0.277962 Radj75
2 527 rs10165434 2720133 1 -0.0024083583980568203 0.909522 Radj75
1 24202 rs61310274 179562740 2 0.002405331853129508 0.989557 Radj75
13 4433 rs2657099 43727388 1 -0.0024037705505359818 0.132034 Radj75
11 17677 rs72998982 113910982 1 -0.0023982246106661184 0.749527 Radj75
5 10237 rs11748460 73974487 1 -0.002393216276549287 0.329741 Radj75
1 442 rs10752733 3104630 1 0.0023866014894718844 0.704748 Radj75
9 11392 rs117734979 96194123 1 0.002386037651210267 0.113664 Radj75
19 2132 rs622989 7574308 1 0.0023672399793777726 0.946505 Radj75
2 8753 rs72824125 48808125 2 0.0023422621768041546 0.255116 Radj75
4 8818 rs10022787 56521889 2 0.0023259483939714635 0.971637 Radj75
3 15486 rs2317339 100796683 1 0.0023003044739317207 0.96947 Radj75
1 28388 rs61813793 208536340 1 0.0022994184289597446 0.77215 Radj75
4 4275 rs76229334 22737081 1 -0.0022957144784885295 0.722352 Radj75
11 11784 rs72979230 74354146 1 0.002282541170627815 0.329434 Radj75
11 59 rs7105244 358704 1 -0.0022738880812364095 0.823427 Radj75
19 3201 rs182487066 12089241 1 -0.0022371515487708492 NA Radj75
6 15765 rs200422266 72892633 1 0.0022226363085385207 0.015154 Radj75
4 25677 rs922028 180787754 2 -0.0022209572124345196 0.990536 Radj75
13 12209 rs9518233 101606651 1 -0.0022033300076897072 0.957985 Radj75
15 1255 rs78026071 30105659 1 -0.0021904293044363193 0.0372177 Radj75
20 3529 rs6080335 16605010 1 0.0021675809271546787 0.854002 Radj75
12 16604 rs118034859 110547996 1 0.0021668861366244364 0.960227 Radj75
14 12254 rs999683 95928156 1 -0.0021545731020055207 0.764596 Radj75
1 16761 rs2122609 106634336 1 -0.0021497052605414205 0.722647 Radj75
3 7449 rs6766936 40500933 2 0.0021443697736735325 0.791019 Radj75
2 22032 rs13422752 154277393 1 -0.002141920325472422 0.714626 Radj75
2 9620 rs4627617 54660456 1 0.0021395430538598405 0.962688 Radj75
3 17200 rs17607065 114013845 1 -0.002134961641635564 0.719851 Radj75
3 5826 rs72853592 30267355 1 0.0021108548305317286 0.339662 Radj75
2 35439 rs141249079 241569447 1 0.002096848477816173 NA Radj75
11 6639 rs649640 35508918 1 -0.0020896833952547644 0.909749 Radj75
14 11467 rs7148148 92671185 2 -0.0020680839744611473 0.978523 Radj75
3 21546 rs35443555 143359156 1 0.002051162167704402 0.110598 Radj75
15 12135 rs78072304 94376990 1 -0.0020229857130068425 0.675277 Radj75
7 20104 rs6963420 137571923 1 0.00201347651066494 0.538494 Radj75
3 11834 rs11127693 67709038 1 -0.0020124691716384034 0.755336 Radj75
14 2729 rs2035423 34451956 1 -0.0020084310096879733 0.916617 Radj75
3 15432 rs1143774 100475568 1 -0.002004702809987079 0.984441 Radj75
8 6245 rs139123217 26481822 1 -0.0020010255781909674 NA Radj75
16 14656 rs11640000 86049947 1 -0.001996596487364774 0.945198 Radj75
18 8945 rs8094635 56948478 1 -0.00199462044919707 0.982877 Radj75
16 13225 rs78266257 81808838 1 0.0019894067085854793 0.714502 Radj75
2 7835 Affx-20090699 44104925 1 -0.0019751023034944412 0.860123 Radj75
12 10714 rs11177775 70049760 1 -0.0019739681360488814 0.953559 Radj75
12 10731 rs77061420 70143711 1 -0.0019697285809808967 0.862596 Radj75
2 8863 rs72827284 49268280 1 0.001969115827276452 0.587203 Radj75
5 5795 rs10472978 35655248 2 0.0019665221863062743 0.978454 Radj75
2 20447 rs77306004 142138525 1 0.0019625405806060125 0.971789 Radj75
1 19111 rs116795080 146851404 1 0.001958199428132538 0.688931 Radj75
11 2597 rs117521328 10931092 1 -0.0019502039313452873 0.711238 Radj75
3 22568 rs11710845 150065280 1 0.0019501514597400286 0.98457 Radj75
1 13512 rs114923225 83060614 1 -0.0019497263769256243 0.137186 Radj75
3 3244 rs1156568 14446545 1 0.0019434129628420143 0.777114 Radj75
11 17076 rs117076720 110176577 1 -0.0019370491426879243 0.41048 Radj75
4 14043 rs1048627 95587587 1 0.0019215300704030567 0.938729 Radj75
10 18467 rs75061202 119133529 1 -0.0019204195228360286 0.781411 Radj75
11 8426 rs1685404 47243665 2 0.0019198840334200648 0.858155 Radj75
1 14885 rs12566180 92362802 1 0.0019184963814221241 0.976195 Radj75
16 7277 rs74499562 51171126 1 -0.0018999028131240273 0.410313 Radj75
5 8241 rs77961980 57133093 1 0.0018979502005694114 0.0917841 Radj75
3 11052 rs62252074 63436958 2 0.0018940675370537085 0.752954 Radj75
2 5254 rs13406322 29209898 1 -0.0018862228464486628 0.807418 Radj75
12 15910 rs118056934 106223862 1 0.0018707771929172001 0.331777 Radj75
18 8132 rs78303500 52265059 1 0.0018644011998391295 NA Radj75
15 11963 rs11857333 93807754 1 0.001862477364980602 0.96013 Radj75
16 6565 rs117866638 35025324 1 -0.0018484912094991468 0.268742 Radj75
14 11976 rs138209155 94953767 1 0.0018444210730604773 NA Radj75
1 19264 rs1044808 149871905 1 -0.0018403219394378472 0.972339 Radj75
2 3475 rs2011027 18351537 1 0.001838976879526445 0.171584 Radj75
12 796 rs75158778 3346825 1 0.0018349280457580883 0.125161 Radj75
19 2445 rs118029702 8634279 1 0.001834330685352039 0.404373 Radj75
4 283 rs35254228 1531227 1 0.0018275773064696927 0.838985 Radj75
6 21132 rs9487704 111989762 1 -0.0018274447016007188 0.656872 Radj75
8 2846 rs117791187 10725102 1 0.0018270384916805765 0.0117654 Radj75
3 15979 rs35067598 105221432 1 -0.0018232978616881314 0.16758 Radj75
3 9830 rs17216775 56827661 1 0.0018082164263018782 0.4004 Radj75
15 3305 rs890503 42150888 1 -0.0018073420968650572 0.872963 Radj75
4 7920 rs6824174 45946141 1 -0.0017921512013293322 0.95341 Radj75
8 3540 rs113291523 14201673 1 0.0017912240117407333 0.728223 Radj75
9 5849 rs10813028 29223296 1 -0.0017805480438923711 0.809137 Radj75
8 10814 rs4738919 62673675 1 -0.0017793844917867597 0.937184 Radj75
11 3193 rs56105729 13428100 1 0.0017786191074507652 0.939201 Radj75
22 1552 rs78807374 26031613 1 0.0017777646720680627 0.0540503 Radj75
9 13156 rs2437819 107699196 1 -0.0017639323569871375 0.969383 Radj75
10 17860 rs138050139 115380419 1 -0.001757725610547643 NA Radj75
19 3764 rs11671521 15025658 1 0.0017539292064653413 0.0930003 Radj75
17 13179 rs4789455 75493685 1 -0.0017517072662370822 0.817155 Radj75
16 3772 rs11860979 14071253 1 0.001751253078371199 0.978216 Radj75
3 27600 rs114555847 186129300 1 -0.0017473001615896772 0.866042 Radj75
19 10576 rs112327401 53955203 1 0.001741433292489265 0.89736 Radj75
3 13767 rs34604556 81416945 1 -0.0017276484914921057 0.780501 Radj75
1 19065 rs116836731 146535638 1 0.0017257381197381453 0.925435 Radj75
19 7422 rs75993371 39761292 1 -0.0017201428435451248 0.349446 Radj75
19 1107 rs35268568 3705590 1 0.0017053769669449887 0.439798 Radj75
11 15398 rs2566390 98693192 1 -0.0016972940620478196 0.962059 Radj75
8 7680 rs76883144 36048060 1 -0.001696189180632178 0.464848 Radj75
10 13473 rs2488634 86351634 1 0.0016952654553069458 0.830994 Radj75
17 11819 rs2016210 70311726 1 0.0016893403289115426 0.362805 Radj75
11 7161 rs56092115 38704550 1 0.001679602150537684 0.639183 Radj75
8 19614 rs7386167 128568712 1 0.0016566478990917455 0.897442 Radj75
6 21958 rs74496307 118533136 1 -0.0016552261320337464 0.554539 Radj75
7 14401 rs117054487 97616032 1 0.0016531067790092307 0.576763 Radj75
2 31981 rs12463829 224407558 1 0.0016491094612677763 0.0323161 Radj75
11 6498 rs2027495 34745964 1 -0.0016470473840698055 0.990962 Radj75
18 12001 rs34858967 73550547 1 -0.001643837803950172 0.0838197 Radj75
15 10961 rs149540064 89424612 1 0.0016341225491071647 NA Radj75
4 224 rs56007462 1225775 1 0.0016327445292539267 0.0956972 Radj75
14 13125 rs807736 99690907 1 0.0016323630664479287 0.814337 Radj75
1 28212 rs76132584 207348197 2 0.0016317132305596728 0.829899 Radj75
1 28270 Affx-6680695 207795320 1 0.0016295875398119948 0.967121 Radj75
4 23784 rs114504200 168393631 1 -0.0016266468814076275 0.709017 Radj75
15 11668 rs79101792 92690154 1 0.0016260988148740821 NA Radj75
10 2727 rs72775944 11925054 1 0.0016217394862186533 0.895893 Radj75
4 7020 rs1704157 40057289 1 0.00162149766796792 0.973429 Radj75
13 891 rs75402847 23846908 1 0.001619228771948335 0.704573 Radj75
18 1618 rs8087367 7238619 1 0.001614990021411436 0.852642 Radj75
3 11782 rs2363712 67426600 1 0.0016148295470985792 0.950084 Radj75
1 16863 rs12097821 107336301 1 -0.0015934310374127333 0.982406 Radj75
3 28637 rs6778322 190527021 1 -0.0015920888081243482 0.960906 Radj75
14 1686 rs10133195 28295788 1 0.0015905294400291106 0.672995 Radj75
4 1821 rs9990756 7747638 1 -0.001585026554197021 0.892512 Radj75
20 10948 rs11698846 60266918 1 -0.001583999887754537 0.204366 Radj75
15 10716 rs80158872 88360757 1 0.0015812157976132942 0.905097 Radj75
13 15057 rs61971832 114768257 1 0.0015804744602118121 0.957531 Radj75
15 6413 rs7182033 62407322 1 -0.0015639123387152774 0.86842 Radj75
10 9263 rs12781869 60650592 1 0.0015638759929979707 0.325689 Radj75
3 27611 rs6767055 186193436 1 -0.0015631747085236136 0.957377 Radj75
10 7785 rs11598891 50086567 1 -0.0015628277726577491 0.563598 Radj75
22 3262 rs11912486 34145596 1 0.0015625575122176836 0.935365 Radj75
10 15464 rs499415 99773047 1 0.0015533152607537085 0.907511 Radj75
15 4513 rs148539600 51692407 1 0.0015524999589084053 NA Radj75
5 12097 rs171711 86471345 1 0.0015511855880556116 0.933571 Radj75
22 2825 rs201975358 32111456 1 -0.0015463911782424968 0.243758 Radj75
12 8683 rs1725357 56129803 1 -0.0015363846431442668 0.873861 Radj75
18 12161 rs586692 74188768 1 0.001531568287561343 0.763224 Radj75
12 3468 rs79487882 17688011 1 0.0015282153503760007 0.813384 Radj75
1 22178 rs79552507 166059512 1 0.0015203339376684934 0.527046 Radj75
13 7233 rs76289310 66214812 1 0.001514147539900795 0.16007 Radj75
2 32553 rs11884740 228093667 1 -0.001513723494137247 0.928701 Radj75
8 17020 rs72682627 110253859 1 -0.0015119394166834342 0.556984 Radj75
4 23086 rs6834751 163967596 1 -0.00150924779550266 0.75363 Radj75
16 191 rs187664088 733572 1 0.001508986473857435 0.148533 Radj75
1 31523 rs77559973 228958748 1 0.001506013884607754 0.875143 Radj75
21 6199 rs1721 46349496 2 -0.0015046883415384606 0.908153 Radj75
14 8013 rs117284726 71988621 1 0.0015044964104542603 0.0519932 Radj75
2 4205 rs12467991 22584105 1 -0.0015021281207497667 0.566787 Radj75
4 27363 rs7657521 187851352 1 -0.001494617965624957 0.676486 Radj75
1 35035 rs113782518 246114373 1 -0.0014853689969705453 0.733181 Radj75
12 14738 rs74440450 98992064 1 0.0014760366486039028 0.977961 Radj75
2 23158 rs17713557 163117185 1 -0.0014722507658975522 0.97538 Radj75
2 31218 rs149363094 220078564 1 0.001470408932925683 0.500436 Radj75
6 253 rs6912227 1197657 1 0.0014635903256390841 0.169439 Radj75
14 749 rs17277837 23222422 1 -0.0014603661446688071 0.871233 Radj75
8 5235 rs34649266 21358195 1 0.0014599562759563416 0.764854 Radj75
2 14077 rs1053560 85546192 1 -0.0014538340919649263 0.98894 Radj75
13 1048 rs9580871 24681642 1 0.001452614275578476 0.984686 Radj75
7 16112 rs77631599 108364238 1 0.0014462590888722794 0.231144 Radj75
3 20226 rs1498719 134172488 1 0.0014461122692769317 0.960516 Radj75
15 13934 rs3825901 101949168 1 0.0014456792734001418 0.817239 Radj75
20 7191 rs6017281 42804026 1 -0.0014443609084053943 0.938098 Radj75
16 6831 rs79044156 48921691 1 -0.0014430218281436605 0.450947 Radj75
1 28680 rs76067112 209861095 1 0.001426345933069488 NA Radj75
20 9069 rs79658759 52702501 1 0.0014235629867909469 0.0965315 Radj75
16 202 rs148595483 774193 1 0.0014162887006989554 0.0153738 Radj75
3 17659 rs3914911 116844310 1 -0.0014154733095465845 0.605727 Radj75
12 215 rs149388376 970413 1 0.0014152394445851378 NA Radj75
4 9765 rs13434994 63029081 1 0.0014108057977395877 0.920861 Radj75
10 5677 rs79712452 28707208 1 0.0014069735930424172 0.872923 Radj75
14 202 rs79884365 21056232 1 0.0014060633099617658 0.971497 Radj75
9 9433 rs34122027 84120952 1 -0.0014000191886600905 0.0654727 Radj75
4 910 rs73794368 4845928 1 -0.001399438271884648 0.4926 Radj75
22 5579 rs58112670 45618888 1 -0.0013986341291331496 0.968618 Radj75
13 10227 rs116845714 88804310 1 -0.001396016750719818 0.31721 Radj75
16 5539 rs7197564 25753011 1 -0.0013953904772619585 0.901701 Radj75
9 10977 rs75529335 93613252 1 0.0013902219096358916 0.684813 Radj75
4 12585 rs4693634 84525707 2 0.0013873138757893224 0.966584 Radj75
3 264 rs114483549 1322135 2 -0.0013871982632203575 0.60448 Radj75
3 19629 rs145581290 130188161 1 0.001386084911171142 0.0761608 Radj75
12 7480 rs112770695 49190376 1 -0.0013847376447017248 0.33283 Radj75
9 4171 rs6475335 19478606 1 0.0013835957264325097 0.959378 Radj75
17 3470 rs77068586 13550680 1 -0.0013770672719914437 0.926965 Radj75
3 10632 rs116650599 61491392 1 -0.0013719239444688707 0.853762 Radj75
14 12485 rs72704878 96772059 1 -0.0013712202816447035 0.139439 Radj75
15 8923 rs117629392 77413203 1 -0.0013666070659258188 0.137116 Radj75
15 13740 Affx-35293512 101325948 2 0.0013609480048388113 0.911072 Radj75
10 5550 rs2505330 27775851 1 0.001360821818069157 0.98147 Radj75
12 6922 rs76169873 45168035 1 0.0013597361253949382 NA Radj75
18 596 rs4635409 3043112 1 -0.0013450899739487529 0.784564 Radj75
3 27690 rs2036373 186570191 1 -0.001342994166469277 0.681196 Radj75
4 8779 rs116266257 56119455 1 0.001341526135464344 0.197703 Radj75
4 11230 rs36067287 75611787 1 -0.0013396694700066752 0.738072 Radj75
22 6776 rs10427830 49843524 1 0.001323284560128209 NA Radj75
5 10049 rs55674784 73156002 1 -0.0013205618285931791 0.091609 Radj75
13 242 rs9579828 20862086 1 0.0013154213235555706 0.801843 Radj75
12 10658 rs118103103 69586030 1 -0.0013104744151266113 0.365383 Radj75
17 12287 rs9893059 71984306 1 0.0013103685001146577 0.947925 Radj75
14 2296 rs79162176 32697327 1 -0.0013069191001608077 0.915129 Radj75
2 3462 rs75609318 18275312 1 0.0013046139619774506 0.2087 Radj75
17 11400 rs116950711 68016869 1 0.0012962553592554215 0.289012 Radj75
4 16074 rs75435009 110942244 1 -0.001294190004938575 0.23202 Radj75
20 43 rs74842604 230548 1 0.0012920179273328259 0.0176194 Radj75
2 27739 rs74413055 196168161 1 0.0012842126544506595 0.857801 Radj75
4 2706 rs4834862 13076305 1 -0.0012819459553500632 0.815251 Radj75
3 22582 rs199994540 150289757 1 -0.0012798833078855782 NA Radj75
10 18598 rs10787800 119600495 1 0.001278981011568149 0.87242 Radj75
2 29815 rs80263293 211712979 1 -0.001275219134679405 0.0572799 Radj75
13 9890 rs2454962 85548756 1 0.0012714784395477722 0.859345 Radj75
16 89 rs142097791 354353 1 0.0012632264342417542 NA Radj75
10 609 rs17158911 2759328 1 0.0012578529764078537 0.0762184 Radj75
15 13242 rs114296381 99240491 2 -0.0012547715637954574 0.595467 Radj75
1 22873 rs4786 169692132 1 0.0012508808779084263 0.984163 Radj75
1 6801 rs72657713 37839088 1 0.0012494821189182757 0.970341 Radj75
20 7215 rs150099563 42908092 1 0.0012456876971996289 NA Radj75
1 34659 rs78230124 244486248 1 0.0012453087614139157 0.0351606 Radj75
5 20033 rs1864949 146140123 1 -0.0012419415504677015 0.765047 Radj75
5 19991 rs2116783 145915787 1 -0.0012406568746768831 0.900153 Radj75
3 14223 rs76802992 86241988 1 0.0012392689114905204 0.0776505 Radj75
7 4888 rs6461876 25669467 1 -0.0012392134076992301 0.394512 Radj75
17 8458 rs9908461 48987434 1 0.0012375981570492494 0.339965 Radj75
17 5462 rs10512442 31275005 1 -0.001234689364784085 0.924194 Radj75
6 6852 rs1610601 29700183 2 0.0012332931410039354 0.993953 Radj75
10 14840 rs117667430 95520558 1 0.0012204945592944895 0.595757 Radj75
1 16859 rs12059449 107315368 1 -0.0012197700521305727 0.980042 Radj75
3 26794 rs10937067 181586376 1 -0.0012174942091054482 0.14943 Radj75
20 1598 rs117790411 6763418 1 0.0011999865803881318 0.445195 Radj75
10 16233 rs2232662 105207301 1 0.0011949850645807155 0.104358 Radj75
4 16125 rs13111540 111189343 1 0.0011933070377480794 0.969202 Radj75
8 5233 rs13255593 21352038 1 -0.0011922076444409418 0.96581 Radj75
15 8156 rs12440264 71854104 1 0.0011903072092910908 0.193682 Radj75
6 11084 rs17434150 37885600 1 0.0011894681629840893 0.846055 Radj75
15 6443 rs12906059 62593210 1 0.0011871612213612784 0.864312 Radj75
4 13975 rs17301372 95027423 1 0.0011848962716864396 0.550817 Radj75
6 11714 rs62396356 41167763 2 0.0011788842257296206 0.975225 Radj75
1 13897 rs11161590 85764998 1 0.0011768842649057373 0.802225 Radj75
16 4568 rs8062741 20052642 1 -0.0011762344452944614 0.803867 Radj75
12 5555 rs1574315 30198397 1 0.0011759596976476884 0.302913 Radj75
18 1731 rs16952603 7872920 1 -0.0011759324448623013 0.805217 Radj75
1 12283 rs75214981 74400421 1 0.0011745128423353728 0.829281 Radj75
11 10936 rs35435383 68947810 1 0.0011708819025633478 0.334386 Radj75
1 32510 rs10910200 233643856 1 -0.0011680231465214731 0.876754 Radj75
1 30375 rs7526460 220405093 1 -0.001167764014157856 0.92015 Radj75
18 2427 rs2865121 10731428 1 -0.0011637739618373475 0.854933 Radj75
3 25797 rs76384726 174690217 1 0.0011630484364755112 0.955823 Radj75
20 5145 rs6087914 29929083 1 -0.0011588471953542998 0.951883 Radj75
2 9052 rs115850346 50745190 1 -0.0011582331081845276 0.423927 Radj75
8 14849 rs2514801 95159158 1 0.0011557852998559156 0.776722 Radj75
20 6081 rs5743502 36937431 1 -0.0011557833001970598 0.3887 Radj75
3 26551 rs2284885 179490169 2 0.0011512121238951632 0.779953 Radj75
2 23667 rs11890028 166943277 1 0.001144905404393466 0.905891 Radj75
7 8799 rs73096430 48681898 1 0.0011394845563073423 0.829325 Radj75
4 19096 rs11935553 135810888 1 0.0011369776780329466 0.580634 Radj75
1 33397 rs3766865 237729040 1 0.0011352741338998208 0.673015 Radj75
1 5953 rs75056610 33098518 1 0.0011347187604619172 0.0165941 Radj75
7 1010 rs117263185 4485205 1 -0.0011309710361828472 0.92802 Radj75
4 14368 rs2525795 97908904 1 -0.00112995837003646 0.558619 Radj75
10 2804 rs11555898 12292413 1 -0.0011291399980869986 0.220573 Radj75
5 9983 rs11739808 72745041 1 -0.001125761719070422 0.891246 Radj75
2 8556 rs4422207 47564034 1 -0.0011242352207227646 0.991338 Radj75
8 8093 rs118107244 38884050 1 0.0011233132075858857 0.272437 Radj75
4 11198 rs111699377 75345686 1 -0.001121953649660056 0.552844 Radj75
3 10522 rs2594139 60808825 1 -0.0011209294640605598 0.709049 Radj75
3 26235 rs17631673 177198248 1 -0.0011201563357669142 0.973778 Radj75
6 1928 rs71542899 7970777 1 -0.0011195998535714308 0.711937 Radj75
5 841 rs73733771 3329664 1 -0.0011140301677434212 0.859469 Radj75
4 1124 Affx-24696100 5733068 1 0.001106610369262153 0.975943 Radj75
14 4907 rs4901119 51862526 1 -0.0011053316845448663 0.669112 Radj75
11 14331 rs117946946 91823061 1 -0.0011033976370778285 0.700014 Radj75
12 17639 rs79157878 116892133 1 0.0010979821842649882 0.792253 Radj75
9 19222 rs200394508 139369816 1 0.0010979111759379257 NA Radj75
1 35478 rs77479833 248900154 1 -0.001097071453962135 0.617667 Radj75
1 28899 rs4027091 211474248 1 0.0010956800832807136 0.948867 Radj75
5 18498 rs115914558 135565606 1 -0.00108346591687854 0.189676 Radj75
1 24354 rs75298400 180561532 1 -0.0010805653170972579 0.227642 Radj75
7 11309 rs111457769 74482794 1 0.001078234109166577 0.872642 Radj75
18 2492 rs11665509 11029609 1 0.0010774454460633855 0.760136 Radj75
10 675 rs3003516 3004093 1 0.00107438007830396 0.955459 Radj75
6 7517 rs7753860 30716076 1 -0.0010738680953194788 0.244758 Radj75
3 7800 rs199627048 42703029 1 0.0010674235914174151 NA Radj75
5 24238 rs72829764 170828999 1 -0.0010649030099665964 0.751917 Radj75
5 15065 rs116601935 110917936 2 -0.0010613952749604786 0.51846 Radj75
8 14530 rs78439257 92627508 1 0.0010585031434678998 0.0962345 Radj75
12 19775 rs77681079 128399419 1 0.0010582479663028177 0.867536 Radj75
8 6144 rs118138958 25899093 1 0.0010575490525977956 0.452274 Radj75
2 11031 rs3770706 65226463 1 -0.0010548722135173755 0.893102 Radj75
8 16463 rs10098425 105946875 1 0.0010522676886659953 0.337391 Radj75
6 9446 rs1003878 32299822 1 -0.0010517038343927714 0.994493 Radj75
12 1857 rs10772674 7876440 1 -0.0010504398457121832 0.878174 Radj75
11 730 rs72637001 2922199 1 -0.0010450579662901129 0.789829 Radj75
1 12003 rs74781363 71737147 1 -0.0010441796121885196 0.37421 Radj75
14 3666 rs35808895 41581841 1 0.0010435119418183187 0.790433 Radj75
17 2634 rs12150284 10031090 1 -0.00104325188730347 0.916937 Radj75
2 28231 rs76527759 200140659 1 -0.0010426976512488608 0.814102 Radj75
1 26891 rs78479136 200635617 1 0.0010382097826373885 0.761506 Radj75
12 17237 rs12581177 114944003 1 0.0010361390982661105 0.770522 Radj75
15 8708 rs140176050 75499807 1 0.0010334964404636732 NA Radj75
10 18333 rs79166686 118354973 1 -0.0010238567163377333 0.320991 Radj75
11 20054 rs118117893 125819468 1 0.0010235885707067709 0.790903 Radj75
17 3856 rs17701187 15256067 2 0.0010229190514918075 0.825472 Radj75
9 13146 rs2437811 107680458 2 0.00102201422479081 0.552903 Radj75
1 8345 rs4926858 47875627 1 0.0010158877349238681 0.969928 Radj75
2 474 rs73181319 2523353 1 -0.0010137405871290513 0.855942 Radj75
14 754 rs35143092 23239694 1 0.0010130741963239804 0.149508 Radj75
2 2853 rs79076882 14534137 1 0.0010126179775306228 0.030622 Radj75
10 21491 rs80199399 133016731 1 -0.0010122038913503149 0.928996 Radj75
15 9648 rs117216581 81152198 1 0.0010113454803053492 0.0534374 Radj75
2 1394 rs2197829 6984091 1 0.0010111960426241846 0.985324 Radj75
1 19383 rs267733 150958836 1 0.0010105191099732025 0.933422 Radj75
1 33067 rs500585 236450942 1 -0.0010084623871402711 0.908769 Radj75
11 12809 rs72937918 80672314 1 0.0010056805713435514 0.141802 Radj75
18 4141 rs76873841 25002608 1 -9.999253618750298e-4 0.953152 Radj75
6 26740 rs116880152 150409997 1 9.97729565500912e-4 0.298682 Radj75
1 9077 rs1288588 53870831 1 9.97296455850512e-4 0.888346 Radj75
4 21350 rs17591223 152405796 1 9.887204816522576e-4 0.957027 Radj75
1 8748 rs112446754 51172469 1 9.873964130806753e-4 0.97323 Radj75
8 17002 rs117818636 110044959 1 9.873618314374135e-4 0.683619 Radj75
8 4550 rs1121922 18519032 1 9.856345797235031e-4 0.870585 Radj75
22 3664 rs117778487 36220446 1 9.824331979961516e-4 0.513156 Radj75
1 15067 rs114543825 94155521 1 -9.815526197505526e-4 0.573332 Radj75
6 25002 rs117139139 138928339 1 -9.81479601132747e-4 0.247173 Radj75
10 673 rs2454818 3001065 1 -9.761604548027084e-4 0.960613 Radj75
10 7428 rs1963172 45317052 1 -9.751972835296901e-4 0.941926 Radj75
3 11157 rs112829244 63992390 1 -9.735706617467705e-4 0.801979 Radj75
7 21190 rs7779534 144222929 1 9.727863295579701e-4 0.762924 Radj75
2 9245 rs11125391 52083566 1 9.720514134429198e-4 0.799844 Radj75
2 18592 rs55680831 127489320 1 -9.717471563072042e-4 0.873748 Radj75
4 16902 rs34861944 117088609 1 -9.71638365431521e-4 0.94914 Radj75
11 16679 rs118053355 107328818 1 -9.694105449600997e-4 0.908815 Radj75
5 19433 rs78310959 141694213 1 -9.66939887404095e-4 NA Radj75
12 10110 rs11175971 66324879 1 9.639235130630404e-4 0.65234 Radj75
16 8379 rs2070839 56686242 1 9.637673034041713e-4 0.984997 Radj75
13 4519 rs9533573 44235707 1 9.615310000870882e-4 0.682173 Radj75
15 6403 rs78822825 62313909 1 -9.587074779864948e-4 0.699637 Radj75
17 13488 rs867653 76506773 1 9.542535068946027e-4 0.933553 Radj75
1 8382 rs72690303 48053626 1 9.495025128138124e-4 0.790948 Radj75
11 3644 rs11024102 17008605 1 -9.452645158925857e-4 0.941855 Radj75
2 14168 rs2577775 86132943 1 -9.448070047000347e-4 0.974112 Radj75
10 6041 rs668126 30604416 1 9.447617775824597e-4 0.743839 Radj75
3 12931 rs6793198 73964127 1 9.444939484136991e-4 0.723137 Radj75
8 12770 rs17420915 76926301 1 -9.426453945748448e-4 0.966147 Radj75
2 14170 rs10193207 86148796 1 9.416566449014774e-4 0.969367 Radj75
1 20727 rs200829664 158639328 1 9.402514388152351e-4 NA Radj75
6 30009 rs75789747 166897383 1 9.395607401620409e-4 0.531344 Radj75
4 25381 rs72702775 179162634 1 9.372471370537427e-4 0.18048 Radj75
4 23750 rs72701466 168219869 1 -9.338878823883446e-4 0.919999 Radj75
9 16912 rs77818912 129165982 1 -9.321619698635724e-4 0.76629100000000006 Radj75
10 2057 rs10795607 8318449 1 9.262745632014237e-4 0.86113 Radj75
4 26582 rs55927126 184802250 1 9.235718262477979e-4 0.899055 Radj75
6 9004 rs17207552 31765056 1 -9.181761267228373e-4 0.863444 Radj75
12 6306 rs76239282 40502340 1 -9.117092233613067e-4 0.272528 Radj75
6 189 rs9328514 951816 1 -9.07766027285949e-4 0.903219 Radj75
18 12916 rs117002426 76834577 1 9.040002393962953e-4 0.956606 Radj75
1 28957 rs12129489 211784213 2 9.029868150778139e-4 0.899016 Radj75
11 7304 rs117465615 40035049 1 -9.002473185331837e-4 0.646938 Radj75
5 19970 rs115226077 145798529 1 8.999702769905242e-4 0.395186 Radj75
7 18948 rs3857859 130401306 1 -8.913977512321969e-4 0.972052 Radj75
4 27060 rs55990211 186798085 2 -8.84514683164072e-4 0.909836 Radj75
20 9624 rs118187059 55377495 1 8.841819465291454e-4 0.154227 Radj75
1 1521 rs228697 7887579 1 -8.829921084305973e-4 0.987267 Radj75
9 2086 rs4606116 8778133 1 8.821397829575318e-4 0.815705 Radj75
2 17896 rs79449496 121900572 2 8.811552817431892e-4 0.917829 Radj75
2 21630 rs75267023 151598274 1 8.767036809186849e-4 0.746244 Radj75
6 28246 rs73584091 158071835 1 -8.696498319247679e-4 0.86814499999999994 Radj75
9 10238 rs913355 89172724 1 8.692761626797997e-4 0.708871 Radj75
3 20234 rs9289474 134236449 1 8.691006923051432e-4 0.991681 Radj75
14 11429 rs8012648 92393026 1 8.682134204971246e-4 0.792456 Radj75
13 8635 rs17063992 75793457 1 -8.658559728075378e-4 0.801678 Radj75
15 11239 rs118101777 90630704 1 8.63456762466053e-4 NA Radj75
8 2386 rs117400045 8737596 1 -8.625739649812723e-4 NA Radj75
10 6266 rs117581678 32221142 1 8.6058581928106e-4 0.164915 Radj75
12 10894 rs10879204 71246815 1 8.600746204170092e-4 0.942797 Radj75
10 3786 rs117684467 16675168 1 8.572069955288758e-4 0.633519 Radj75
2 15829 rs4627591 106460814 1 8.560484281567108e-4 0.961097 Radj75
10 9540 rs111754174 62246400 1 -8.546423235766436e-4 0.651158 Radj75
1 13724 rs641965 84843600 1 -8.54308925674377e-4 0.584851 Radj75
16 13869 rs138675420 83948656 1 -8.519770903413929e-4 NA Radj75
12 3797 rs10734691 19793979 1 8.519600035950635e-4 0.904078 Radj75
2 26328 rs72892744 183407485 1 8.512367747220964e-4 0.0178562 Radj75
2 17692 rs2278503 120988498 1 -8.504354618310537e-4 0.912771 Radj75
9 16956 rs12555734 129411242 1 -8.492551258118869e-4 0.904277 Radj75
11 12521 rs17755994 79054936 1 8.487438612128148e-4 0.712335 Radj75
8 15390 rs11779719 98737130 1 -8.483598035585876e-4 0.0384635 Radj75
4 22796 rs28516658 161798162 1 8.481771326899073e-4 0.0598508 Radj75
1 34859 rs55858959 245370329 1 8.440892771417558e-4 0.922876 Radj75
21 3198 rs9977055 33441026 1 -8.412279526349303e-4 0.978249 Radj75
7 1104 rs200957609 4824629 1 -8.410114289573751e-4 NA Radj75
14 13705 rs79075471 102476052 1 -8.362468792339376e-4 0.938039 Radj75
16 4660 rs7195740 20408761 2 8.356892841779411e-4 0.840181 Radj75
5 14581 rs77830395 107974112 1 -8.313704271399882e-4 0.968646 Radj75
20 1122 rs6052761 4657017 1 8.301587284959219e-4 0.755104 Radj75
3 11163 rs114466949 64034560 1 8.285918856803971e-4 0.152481 Radj75
11 18919 rs10790383 120344526 1 -8.263174516973283e-4 0.968937 Radj75
18 922 rs28736391 4351237 1 -8.248952075925112e-4 0.722431 Radj75
7 14171 rs77386252 95870899 1 8.238904518588777e-4 0.955864 Radj75
16 11406 rs74573392 74947599 1 8.22991831618493e-4 0.720418 Radj75
8 10695 rs78441130 61943238 1 -8.223893873922867e-4 0.185914 Radj75
10 21504 rs11599340 133041085 1 -8.216560993603789e-4 0.719496 Radj75
13 5867 rs55890540 53339742 1 -8.181374853206648e-4 0.133046 Radj75
1 33917 rs9661447 240647194 1 -8.161817530771333e-4 0.381636 Radj75
10 7983 rs1917818 50849342 1 -8.15745605885714e-4 0.936929 Radj75
4 4229 rs77233244 22418804 1 8.129310533633874e-4 0.869917 Radj75
18 399 rs118148610 2129904 1 8.108850145783578e-4 0.651566 Radj75
6 14238 rs595298 56290873 1 -8.086918796882985e-4 0.487441 Radj75
12 16968 rs4767064 113606389 1 8.051851861546449e-4 0.92295 Radj75
4 1474 rs4689050 6763115 1 -8.049473236346036e-4 0.949426 Radj75
9 8472 rs7027736 78703073 1 8.036388411837407e-4 0.814942 Radj75
4 22848 rs114332594 162244065 1 -8.030980535680092e-4 0.422942 Radj75
6 4502 rs2475883 21824481 1 -8.008139524489432e-4 0.890985 Radj75
18 12134 rs117566743 74092242 1 7.966611842679579e-4 0.793425 Radj75
1 14824 rs78727537 92056185 2 -7.96165088780023e-4 0.832085 Radj75
19 3632 rs139113505 14499616 1 7.942345885067192e-4 0.127753 Radj75
7 11355 rs757363 75287303 1 7.91144753429031e-4 0.941121 Radj75
7 15947 rs7804147 107458561 1 7.871003167557891e-4 0.891136 Radj75
20 7457 rs77098668 44249970 1 7.838008950917625e-4 0.936082 Radj75
20 9746 rs230198 55776447 2 7.827666214168607e-4 0.949595 Radj75
13 6781 rs78276390 61618952 1 -7.816532220157269e-4 0.93909 Radj75
9 16707 rs16927511 127306583 1 7.805271048653408e-4 0.0411698 Radj75
4 23042 rs79918611 163610045 1 7.798198149061881e-4 0.605474 Radj75
10 20188 rs117844375 127921106 1 7.793356929564282e-4 0.333122 Radj75
5 9886 rs431619 71845634 1 -7.788611945227249e-4 0.95538 Radj75
11 16102 rs17099786 102821497 1 -7.778495696920859e-4 0.208591 Radj75
11 18916 rs2305013 120340060 1 7.772187439961579e-4 0.976612 Radj75
5 26031 rs35086704 179672831 1 -7.751103316690142e-4 0.22223 Radj75
21 1971 rs74989569 26110553 1 7.75095140947334e-4 0.173425 Radj75
16 3707 rs56002828 13810985 1 -7.734248849988771e-4 0.915756 Radj75
10 11789 rs1891677 77008030 1 -7.696400875965881e-4 0.0112789 Radj75
8 460 rs73542936 1839557 1 7.68162002906793e-4 0.963498 Radj75
15 6616 rs1126308 63429086 1 7.677466080996548e-4 0.993464 Radj75
9 10022 rs116960758 87682506 1 -7.639660199866142e-4 0.642331 Radj75
7 13437 rs80207881 90671497 1 7.601196496297678e-4 0.682018 Radj75
6 27852 rs76969332 155719761 1 7.596718457886777e-4 0.780948 Radj75
20 2583 rs8123717 11439479 1 -7.568014532699388e-4 0.960799 Radj75
18 4435 rs2902438 27209021 1 -7.534316639451544e-4 0.866261 Radj75
6 5398 rs34541321 26017617 1 7.519792672105042e-4 0.0641893 Radj75
11 7978 rs7127044 44514590 1 -7.500205571463465e-4 0.816359 Radj75
8 15809 rs67840821 101816136 2 -7.484433917253986e-4 0.784352 Radj75
1 4572 rs34671368 23880912 1 7.468742612520801e-4 0.881243 Radj75
22 847 rs140390 21460008 1 -7.438900640870709e-4 0.783491 Radj75
9 17834 rs112882584 134166167 1 -7.427725198244047e-4 0.624379 Radj75
1 23926 rs113741678 177600126 1 7.427555228256718e-4 0.466797 Radj75
1 21072 rs16831677 160209273 1 7.416261109874608e-4 0.157208 Radj75
4 24842 rs77839437 175743966 1 -7.410426467264763e-4 0.936491 Radj75
7 8551 rs74500331 47488467 1 -7.402078800016645e-4 0.875079 Radj75
7 6773 rs56950249 36590436 1 -7.388847456526596e-4 0.944936 Radj75
11 4267 rs118071698 20117790 1 -7.337885228031682e-4 0.198156 Radj75
11 7431 rs4370928 40824308 1 7.335613046568799e-4 0.962659 Radj75
8 17579 rs10093354 115863500 2 -7.300547594469156e-4 0.970631 Radj75
17 10107 rs75163660 59823778 1 -7.261734581968487e-4 0.93317 Radj75
5 15285 rs62372743 112526403 1 -7.259747350563193e-4 0.822682 Radj75
9 3563 rs17787156 16212721 1 -7.256850708638361e-4 0.837264 Radj75
11 21899 rs661820 133932652 1 7.247723531464021e-4 0.815811 Radj75
1 12450 rs1249675 75770625 1 7.245052102921529e-4 0.887799 Radj75
9 5691 rs7357773 28227167 1 7.24330296324849e-4 0.742241 Radj75
3 29868 rs41284045 196735808 1 -7.211554938213357e-4 0.858209 Radj75
14 3930 rs1953944 44092139 1 7.209990583692876e-4 0.98434 Radj75
10 13854 rs7088594 89486433 1 7.193018416013894e-4 0.856343 Radj75
7 21971 rs141430858 148949817 1 7.188949995516373e-4 0.0635524 Radj75
3 17835 rs16828198 118015581 1 7.180336337821447e-4 0.779636 Radj75
5 21116 rs72797239 151998899 2 -7.170440923900702e-4 0.916605 Radj75
3 23240 rs6791222 155131258 1 -7.170020880505697e-4 0.478998 Radj75
9 6534 rs10814123 34561808 1 7.150993872621863e-4 0.884551 Radj75
8 18242 rs140404753 120633757 1 -7.134363153104794e-4 NA Radj75
18 7251 rs16950052 46382353 1 7.10196847738585e-4 0.720172 Radj75
12 16953 rs1902955 113548243 1 7.087277752622393e-4 0.824447 Radj75
4 24925 rs7434958 176371655 1 -7.062818812087092e-4 0.862508 Radj75
2 34958 rs4241228 239865465 1 -7.058656601859284e-4 0.992222 Radj75
3 21179 rs79433966 141175452 1 7.048853497528485e-4 0.0584577 Radj75
8 6339 rs77243908 26908652 1 7.024206742556091e-4 0.798569 Radj75
10 19712 rs17678853 125540177 1 6.994585410115076e-4 0.303607 Radj75
6 13453 rs2579989 51460154 1 6.985592191470383e-4 0.892597 Radj75
18 10753 rs10432228 67568249 2 -6.980682921652243e-4 0.732056 Radj75
7 21945 rs201062860 148771516 1 6.975518688209703e-4 NA Radj75
19 9104 rs62129109 48530410 1 6.964067613149216e-4 0.723361 Radj75
21 4814 rs2837352 41363778 2 6.954274937873712e-4 0.939647 Radj75
7 543 rs113716688 2608103 1 -6.95096370006459e-4 0.35905 Radj75
16 8357 rs395057 56608590 1 -6.944103105380079e-4 0.81719 Radj75
17 11346 rs16974265 67666701 1 -6.943187810303811e-4 0.865281 Radj75
5 9628 rs72763695 68304543 1 6.925119858270216e-4 0.13562 Radj75
3 8804 rs143602808 50311986 1 6.875123224056713e-4 NA Radj75
17 3073 rs9303041 11786569 1 -6.871158854880467e-4 0.962413 Radj75
3 14585 rs116424814 89461949 1 -6.861017402133014e-4 0.409344 Radj75
5 18584 rs76392228 136274696 1 -6.85786397205084e-4 0.82887 Radj75
14 10196 rs68170569 84806128 1 -6.848314365585521e-4 0.396521 Radj75
12 14145 rs12228220 95944633 1 6.820412122361846e-4 0.984285 Radj75
3 516 rs9854419 2426632 1 -6.797126591080755e-4 NA Radj75
14 11936 rs28694574 94862557 1 6.71231495205702e-4 0.815225 Radj75
5 7592 rs34951049 53339196 1 -6.708678279046815e-4 0.790756 Radj75
21 3118 rs55745100 33016364 1 -6.687410260667815e-4 0.794476 Radj75
9 11944 rs12552100 100234633 1 6.64486548436589e-4 0.0931663 Radj75
16 9475 rs17350321 62781043 2 -6.643046244826079e-4 0.852149 Radj75
16 5076 rs35731153 23360165 1 6.627311083707425e-4 0.60622 Radj75
4 10383 rs116264298 68361955 1 6.61729073488487e-4 0.848958 Radj75
19 9109 rs8105198 48543862 1 6.616549208798498e-4 0.891838 Radj75
6 27838 rs117426532 155649545 1 6.612026459928798e-4 0.840584 Radj75
7 12585 rs73177237 83545827 1 -6.602172458453758e-4 0.560598 Radj75
4 10742 rs17735360 71554246 1 6.59374625729212e-4 0.414099 Radj75
3 7407 rs139499499 40231935 1 6.562630269043027e-4 0.0573948 Radj75
3 12727 rs11708505 72704836 1 6.554361466856605e-4 0.811608 Radj75
6 19306 rs146934336 99819306 1 6.548740891729998e-4 0.0213662 Radj75
17 6424 rs79882976 36083710 1 -6.539198674164835e-4 0.541655 Radj75
3 11818 rs76944320 67598352 1 -6.517860139753468e-4 0.124134 Radj75
10 20186 rs7089454 127904710 1 6.508705726577716e-4 0.677065 Radj75
10 15066 rs118000267 97364566 1 -6.506500525837371e-4 0.924746 Radj75
5 12492 rs61744480 89925039 1 6.505726700850968e-4 NA Radj75
4 16395 rs7658770 113240137 2 6.501320240645797e-4 0.7494 Radj75
10 18572 rs12770865 119523035 2 -6.499700284635596e-4 0.454884 Radj75
12 12531 rs12578890 83664351 1 -6.499150074245986e-4 0.937913 Radj75
10 14003 rs11202844 90514269 1 6.490412537173258e-4 0.986077 Radj75
6 9366 rs499691 32194339 1 -6.482638526400569e-4 0.992924 Radj75
14 6621 rs4902100 62549819 1 -6.426463029821586e-4 0.88809 Radj75
12 15865 rs10861430 105853186 1 -6.420759741401973e-4 0.890731 Radj75
14 7041 rs72724498 65253749 1 -6.416545334239532e-4 0.913821 Radj75
5 23714 rs61644210 168226135 1 6.414636187489448e-4 0.642031 Radj75
17 3354 rs16947399 13131990 1 -6.41417114052305e-4 0.296682 Radj75
3 2577 rs80059062 10998720 1 -6.403869710410366e-4 0.541423 Radj75
5 2495 rs12153083 11588701 1 -6.390950208269836e-4 0.821026 Radj75
1 22903 rs12122419 169843017 1 -6.388024612155741e-4 0.982174 Radj75
7 9183 rs714499 51200298 1 -6.381667088288619e-4 0.97255 Radj75
11 21210 rs117979652 131117478 1 -6.370167663868581e-4 0.95571 Radj75
6 2975 rs114806899 13381056 1 6.369499147248847e-4 0.0274031 Radj75
1 27485 rs74815517 203486152 1 6.35706295820256e-4 0.437312 Radj75
12 18481 rs116961756 121781489 1 6.317823526554404e-4 0.224401 Radj75
1 14968 rs115511690 93226871 1 -6.312860266269638e-4 0.954027 Radj75
9 11178 rs55845314 94659244 1 6.309736482199708e-4 0.921366 Radj75
10 7046 rs11011379 38121631 1 6.292326753495303e-4 0.903127 Radj75
11 1108 rs1023723 4943766 2 6.273576253941817e-4 0.990736 Radj75
10 140 rs10795297 766378 1 6.243104788415414e-4 0.959207 Radj75
2 13765 rs114323931 82909242 1 6.24095575257272e-4 0.144559 Radj75
12 4017 rs17379695 20902795 1 6.236360087110961e-4 0.961883 Radj75
4 7100 rs2292039 40427990 1 -6.224009811621942e-4 0.759798 Radj75
15 13170 rs12442553 98907097 1 -6.215657908389483e-4 0.359593 Radj75
18 8465 rs78951049 54714522 1 -6.209343148438941e-4 0.792611 Radj75
14 10498 rs80099130 86933225 1 6.150436744721449e-4 0.474945 Radj75
3 7365 rs112364629 39992223 1 -6.14769491213834e-4 0.408991 Radj75
5 5130 rs55656741 31515657 1 6.090761144699901e-4 0.986901 Radj75
3 2353 rs114351845 9945059 1 -6.078384847497531e-4 0.526888 Radj75
2 29221 rs149165152 207310177 1 6.070496192622265e-4 NA Radj75
15 5266 rs11631645 56317789 1 6.061970867292204e-4 0.853891 Radj75
10 5663 rs2616624 28636719 1 6.054200399106328e-4 0.904037 Radj75
19 8005 rs138700619 42814708 1 -6.014744366652306e-4 0.507812 Radj75
16 13759 rs77045159 83547483 1 -6.010491004499423e-4 0.946789 Radj75
14 4810 rs72685325 51359223 1 5.99032983264112e-4 0.741333 Radj75
7 16730 rs1524448 112956114 2 5.982486181527406e-4 0.974488 Radj75
10 4839 rs7918259 23364530 1 -5.944915387851322e-4 0.692597 Radj75
2 3125 rs11685620 16121864 1 5.933516973229771e-4 0.495688 Radj75
10 4154 rs117930047 18676440 1 5.92925110503119e-4 0.429093 Radj75
7 11620 rs10225384 77682064 1 -5.899002245652132e-4 0.954748 Radj75
3 10133 rs80077668 59319159 1 5.896843708208652e-4 0.766695 Radj75
7 22907 rs11771429 153271877 1 5.893019848416039e-4 0.686193 Radj75
9 6213 rs10125901 32344008 1 5.890566626101332e-4 0.781675 Radj75
4 6671 rs3860062 37900779 1 -5.885536941096614e-4 0.979085 Radj75
1 25805 rs146033342 191806872 1 5.876397330963233e-4 NA Radj75
13 4517 rs9533563 44212127 1 5.826627183309933e-4 0.992509 Radj75
5 25050 rs113764768 174455296 1 5.826247244182276e-4 0.450496 Radj75
20 8974 rs66920245 52180651 1 -5.808707508795436e-4 0.97792 Radj75
2 25823 rs142951505 179647533 1 -5.797448193523881e-4 NA Radj75
19 4762 rs118015462 19697281 1 -5.795365906786528e-4 0.934402 Radj75
2 21897 rs12471183 153366827 1 5.794046690716177e-4 0.975274 Radj75
4 5113 rs74352709 27170474 1 5.774299304872757e-4 0.134581 Radj75
1 13903 rs74957053 85856504 1 -5.758123211640021e-4 0.625467 Radj75
11 15656 rs76795573 100425012 1 -5.751416952391249e-4 0.658262 Radj75
3 12706 rs11916245 72631973 1 5.751062196831084e-4 0.699063 Radj75
14 1 rs117509976 19336265 1 5.739222147054981e-4 0.0505992 Radj75
5 2042 rs13176952 9389777 2 5.725870078362766e-4 0.978491 Radj75
5 9947 rs76800580 72586645 1 5.704286609904894e-4 0.805538 Radj75
5 16596 rs11750012 121271817 1 -5.697052456097443e-4 0.976287 Radj75
1 30517 rs115066827 221475624 1 5.694310272010801e-4 0.332174 Radj75
8 16714 rs72684507 107792796 1 -5.691039949101667e-4 0.431458 Radj75
16 6925 rs152654 49444746 1 -5.669759922137894e-4 0.678841 Radj75
10 355 rs1874984 1731871 1 -5.63654547212318e-4 0.82681 Radj75
12 18941 rs61754987 124817779 1 -5.633007396588203e-4 NA Radj75
4 4407 rs73258384 23696671 1 -5.630848851484406e-4 0.801598 Radj75
2 35238 rs12621945 240718703 1 -5.611732325909388e-4 0.959037 Radj75
12 8980 rs79245439 57671622 1 5.605969735836133e-4 0.193152 Radj75
22 2181 rs73162329 28019545 1 5.600862470051555e-4 0.723166 Radj75
1 13982 rs663463 86466394 1 5.594558119179181e-4 0.895469 Radj75
2 4740 rs72799666 25992902 1 5.572717122667481e-4 0.799215 Radj75
18 2680 rs61746954 11886946 1 5.553442151581069e-4 0.0794271 Radj75
20 5036 rs11698185 25181998 2 5.546155289248757e-4 0.980529 Radj75
6 18871 rs117712888 96536451 1 -5.546010526625523e-4 0.374349 Radj75
1 4098 rs116687372 21239091 1 5.50965452156268e-4 0.0543405 Radj75
2 34272 rs4663619 236748266 1 -5.506520521364167e-4 0.820939 Radj75
21 1040 rs35034228 20542057 1 5.502967403478005e-4 0.668963 Radj75
2 12617 rs76982332 75277925 1 5.476876281452454e-4 0.886969 Radj75
14 790 rs12893368 23312208 1 -5.470088584019529e-4 0.806739 Radj75
2 32543 rs1950134 228062952 1 -5.464472998837088e-4 0.944666 Radj75
3 9242 rs113685194 53696813 1 -5.457453641522965e-4 0.311658 Radj75
10 15026 rs11188316 97174269 1 -5.450669467003848e-4 0.962581 Radj75
4 10791 rs115889556 72047309 1 -5.439332703863238e-4 0.861482 Radj75
10 494 rs118191901 2258787 1 -5.42990277762092e-4 0.443435 Radj75
22 1945 rs2516087 27405385 1 5.399490782244819e-4 0.553158 Radj75
13 7246 rs4369533 66358010 1 5.379437001382526e-4 0.977174 Radj75
11 11512 rs3781931 72327205 2 5.362957006528008e-4 0.988946 Radj75
10 1106 rs1353703 4685715 1 5.360533549646035e-4 0.684106 Radj75
2 32558 rs78139874 228106563 1 5.355137885379369e-4 0.707714 Radj75
14 11614 rs118160186 93188114 1 5.345781092898201e-4 0.172069 Radj75
8 10251 rs10504247 58837634 1 -5.305366688725067e-4 0.812423 Radj75
9 16953 rs10760442 129383900 1 5.303625168965791e-4 0.879422 Radj75
3 23387 rs78845753 156210494 1 5.264827004646602e-4 0.611925 Radj75
20 360 rs6078022 1155854 1 5.231620325560324e-4 0.746205 Radj75
20 7739 rs7265597 45647279 1 5.227610647153924e-4 0.827073 Radj75
19 9113 rs11564671 48551870 1 -5.213231263130351e-4 0.851712 Radj75
2 5308 rs138421018 29386727 1 5.197903859154187e-4 NA Radj75
12 8728 rs2069408 56364321 1 -5.182414246565667e-4 0.78402 Radj75
1 34148 rs116241822 241568886 1 5.178098693182715e-4 0.812126 Radj75
15 4300 rs117133403 49823391 1 5.150828493816185e-4 0.225727 Radj75
17 8224 rs79577600 48043662 1 -5.129214729400649e-4 0.886194 Radj75
8 20132 rs13257007 131632412 1 5.127097614792268e-4 0.798291 Radj75
6 15544 rs61741206 71190687 1 -5.121792543904396e-4 0.701692 Radj75
3 4498 rs34776121 22466565 1 -5.110741808887443e-4 0.826895 Radj75
8 461 rs7826500 1841213 1 -5.091967603710343e-4 0.93199 Radj75
1 23908 rs7539470 177436223 1 5.087966858892736e-4 0.495274 Radj75
11 1854 rs117586375 7322823 1 -5.087583302681271e-4 0.0238044 Radj75
10 4613 rs10828185 21373696 1 5.081925664862128e-4 0.832788 Radj75
16 2356 rs11077278 8310880 1 -5.066393029777131e-4 0.84185 Radj75
15 5652 rs935213 58555030 1 -5.060964254147183e-4 0.930797 Radj75
2 30390 rs78605655 215638598 1 -5.060602592113372e-4 0.951887 Radj75
19 8508 rs145609489 45682571 1 5.051861364981267e-4 NA Radj75
3 12416 rs4677602 71379806 1 -5.048664604539153e-4 0.98395 Radj75
7 236 rs117878003 1247934 1 5.046961162891095e-4 0.392035 Radj75
10 4138 rs79500087 18596488 1 -5.036901203725987e-4 0.745494 Radj75
20 4310 rs6046858 20412652 1 5.03641825430191e-4 0.600207 Radj75
7 1391 rs77599410 6291239 1 5.026533107338439e-4 0.362351 Radj75
20 9783 rs6025553 55995609 1 5.012530035934014e-4 0.944972 Radj75
1 14573 rs76632189 90285156 1 -5.003226210286301e-4 0.527539 Radj75
4 1780 rs13135612 7669966 1 -4.995258754489204e-4 0.96842 Radj75
3 25028 rs73040372 170194925 1 4.977850802450075e-4 0.88274 Radj75
17 8141 rs2584668 47557284 1 4.948653364109493e-4 0.639168 Radj75
10 12049 rs16933426 78113006 1 4.93866277650853e-4 0.91694 Radj75
20 1349 rs805751 5647738 2 -4.935650953166576e-4 0.227209 Radj75
7 19215 rs79003154 131670752 1 4.915710440175179e-4 0.812399 Radj75
10 17450 rs76286912 113129539 1 -4.913027404264143e-4 0.146735 Radj75
12 5753 rs116849049 31546568 1 -4.908130035894542e-4 0.0192082 Radj75
6 386 rs2338 1573613 2 4.878698190806048e-4 0.991796 Radj75
8 4995 rs118088440 20392646 1 4.8622117342248563e-4 0.260483 Radj75
14 1299 rs1241513 25622059 1 4.84934840383462e-4 0.530674 Radj75
1 24368 rs12048384 180593461 1 -4.8210723042438244e-4 0.658534 Radj75
3 4853 rs12637175 24722308 1 4.81300090225161e-4 0.782194 Radj75
10 6622 rs139550735 34671513 1 4.8129998515387495e-4 NA Radj75
13 9877 rs72629500 85357824 1 4.7888254809163146e-4 0.591732 Radj75
4 20527 rs79169685 145973060 1 -4.779876537111894e-4 0.474827 Radj75
1 15418 rs12137415 96544224 1 4.778030349466408e-4 0.467497 Radj75
5 25167 rs157471 174944908 1 -4.7753425440895825e-4 0.9886 Radj75
3 14121 rs13061527 85151828 2 -4.771657459971992e-4 0.964883 Radj75
17 1244 rs75994327 4653555 1 -4.763580318440419e-4 0.76118 Radj75
10 20096 rs1872006 127389009 1 -4.7613924013232157e-4 0.841948 Radj75
4 18111 rs4077738 126749905 1 4.712692119547096e-4 0.841073 Radj75
7 23329 rs12719959 155152401 1 -4.6955710221149676e-4 0.947214 Radj75
20 2775 rs6074489 12721693 1 -4.690454969064151e-4 0.0638308 Radj75
1 34068 rs114804045 241217590 1 4.67965342102674e-4 0.866999 Radj75
3 20852 rs9845929 139404858 1 4.6783031796131827e-4 0.956835 Radj75
4 16029 rs115806850 110714303 1 -4.672035508509596e-4 0.193448 Radj75
2 31097 rs148353573 219294124 1 4.6604504004558897e-4 NA Radj75
19 10583 rs12982299 53967873 1 -4.6348267555715235e-4 0.864558 Radj75
9 1934 rs79142426 8153205 1 4.6273907724544316e-4 0.0624379 Radj75
19 2241 rs62125146 7908767 1 4.6234328078367137e-4 0.990608 Radj75
1 27973 rs954206 205807504 2 -4.621994839070465e-4 0.973569 Radj75
7 14846 rs35638378 100403131 1 -4.613459589853399e-4 0.332914 Radj75
2 12903 rs71420956 76978674 1 4.6026370595401414e-4 0.64267 Radj75
5 11840 rs113057853 84275545 1 -4.599164755651421e-4 0.698293 Radj75
11 17971 rs1502076 115542933 1 -4.597313358460275e-4 0.94655 Radj75
3 25956 rs115256070 175572266 1 -4.595747006809237e-4 0.917865 Radj75
17 3858 rs80107648 15277630 1 -4.5846643361312147e-4 0.654316 Radj75
7 1415 rs79686877 6417836 1 -4.554419185714553e-4 0.409123 Radj75
14 4309 rs117663423 47636386 1 -4.53889722907007e-4 0.914507 Radj75
3 17847 rs114740671 118124359 1 -4.531861755174787e-4 0.812576 Radj75
7 23030 rs74424468 153982969 1 4.50807938948151e-4 0.341717 Radj75
7 21831 rs17617268 148197662 1 4.5069714665620027e-4 0.777276 Radj75
3 2901 rs6801800 12859500 1 4.5060608340326253e-4 0.901045 Radj75
2 8016 rs6748631 45283518 1 -4.501202374375287e-4 0.955115 Radj75
18 760 rs4797120 3725189 1 -4.500105503733649e-4 0.529428 Radj75
13 10691 rs66481260 92444651 1 4.499643595355884e-4 0.836202 Radj75
2 30049 rs72945643 213114263 1 4.494151479752691e-4 0.900881 Radj75
2 18056 rs76432967 123178289 1 -4.4880309202739824e-4 0.820786 Radj75
6 23964 rs9483497 133069465 1 -4.4659486476415625e-4 0.96939 Radj75
7 14558 rs62472982 98703938 1 4.4638168729670293e-4 0.662428 Radj75
8 6641 rs74906978 28614053 1 4.460428046144536e-4 0.58673 Radj75
5 5827 rs139171948 35826637 1 -4.405061870934629e-4 0.158155 Radj75
4 12358 rs116837441 83262112 1 4.3906439724048575e-4 0.761887 Radj75
15 11214 rs59044616 90519816 1 -4.3891792827992443e-4 0.0578887 Radj75
6 27152 rs76961596 152115788 1 -4.382897527153449e-4 0.27594 Radj75
14 13344 rs72713985 100949514 1 4.3688673182966777e-4 0.152646 Radj75
12 10497 rs10748104 68762014 1 4.3349362193046786e-4 0.899053 Radj75
11 9385 rs17498511 59145512 1 4.330806479723973e-4 0.825982 Radj75
15 11327 rs28384969 91289835 1 4.3212471639315377e-4 0.0250795 Radj75
9 7244 rs112491727 70973695 1 -4.2955986770676634e-4 0.839704 Radj75
10 11995 rs79647797 77954261 1 -4.2782408230996455e-4 0.922077 Radj75
19 9383 rs10417524 49522616 1 4.266439375229334e-4 0.965916 Radj75
11 11697 rs142277857 73753106 1 4.2152821563929695e-4 0.0100055 Radj75
21 3836 rs73205322 36482885 1 4.2114569748610494e-4 0.246696 Radj75
7 18924 rs117700687 130146607 1 4.1999197819692503e-4 0.0362422 Radj75
8 824 rs7822902 2994124 1 4.179335165614118e-4 0.696422 Radj75
7 9639 rs73123778 54691628 1 -4.173627069261226e-4 0.865181 Radj75
12 6044 rs79793444 33826373 1 4.166161846084318e-4 0.0683927 Radj75
9 8941 rs2938914 81133164 1 4.14887310551793e-4 0.831634 Radj75
6 26707 rs17748581 150264626 1 -4.1487959800728545e-4 0.379258 Radj75
16 3701 rs179587 13784003 1 -4.137005874833154e-4 0.310838 Radj75
7 2263 rs34761667 11052600 1 -4.128797624028412e-4 0.857923 Radj75
3 12340 rs3773499 71019096 1 4.1259204001068913e-4 0.0765119 Radj75
11 720 rs3987740 2895800 1 -4.116275931736587e-4 0.898777 Radj75
1 6433 rs1931059 35366056 1 -4.101172870543894e-4 0.913648 Radj75
19 1746 rs4480926 6127253 1 -4.093605999498792e-4 0.916247 Radj75
3 29440 rs56149727 194575051 1 4.0932402611602175e-4 0.948262 Radj75
5 13875 rs114584778 102000493 1 -4.086413824873696e-4 0.0136575 Radj75
22 5528 rs78725784 45440434 1 -4.084048403929937e-4 0.921599 Radj75
15 149 rs8028728 23919993 1 4.079123397166641e-4 0.799308 Radj75
2 30962 rs78297591 218677711 1 -4.072739066713421e-4 0.601839 Radj75
2 23567 rs353119 166130379 1 4.070932031074478e-4 0.883095 Radj75
1 33218 rs115550373 237011234 1 -4.0545335192671483e-4 0.285404 Radj75
2 29749 rs13001819 211147084 1 -4.028284170830455e-4 0.929324 Radj75
12 11537 rs77279324 76593184 1 4.016553556422239e-4 0.953843 Radj75
6 2681 rs13208015 11957086 1 4.013423893357112e-4 0.343992 Radj75
10 1368 rs147954390 5791895 1 -3.9987163288320797e-4 NA Radj75
8 8672 rs117103320 42766871 1 -3.9887209441159734e-4 0.0221434 Radj75
1 25889 rs16834459 192550968 1 -3.968284573860296e-4 0.587937 Radj75
8 22322 rs4917300 143121671 1 -3.9568340192789735e-4 0.947477 Radj75
7 15271 rs118152132 103325802 1 -3.956176537463613e-4 0.798192 Radj75
9 13152 rs2515609 107688059 1 3.923577120085051e-4 0.933592 Radj75
9 16522 rs67595214 126169649 1 3.921937848491046e-4 0.890024 Radj75
5 5673 rs114091198 34794065 1 -3.9002235969303324e-4 0.742706 Radj75
11 7155 rs1038255 38619850 1 3.895892267895604e-4 0.967322 Radj75
2 2924 rs114354303 14983619 1 3.8783750030972776e-4 0.807156 Radj75
18 3327 rs57221822 20272715 1 -3.878031614292446e-4 0.853639 Radj75
1 30275 rs17605069 219754824 1 -3.8756400912037526e-4 0.776163 Radj75
3 20281 rs75529866 134579672 1 3.852096130416159e-4 0.700806 Radj75
2 35437 rs2975781 241566429 1 3.841943156800348e-4 0.97142 Radj75
1 30007 rs72734577 218266142 1 3.836386612959567e-4 0.947172 Radj75
1 6225 rs549048 34424393 2 -3.832157421497733e-4 0.887705 Radj75
11 10929 rs67039008 68898009 1 -3.8313923803517876e-4 0.881939 Radj75
6 25493 rs75686510 142745978 1 3.828194362749265e-4 0.926601 Radj75
17 6047 rs6505477 33817525 1 -3.8199067685957785e-4 0.0265793 Radj75
19 4569 rs1059369 18497141 1 3.8128300464005717e-4 0.874436 Radj75
5 18121 rs10052064 133051079 1 3.802013047112103e-4 0.975015 Radj75
17 2585 rs9910357 9909250 1 -3.7918856957956486e-4 0.96808399999999994 Radj75
10 6963 rs2463223 37235393 1 3.7901943055059515e-4 0.978798 Radj75
5 7495 rs75366183 52588167 1 -3.786420795858783e-4 0.943305 Radj75
2 20134 rs114378841 139906028 1 -3.783537703043845e-4 0.103561 Radj75
19 9106 rs3745746 48537585 1 -3.779166768612419e-4 0.990089 Radj75
5 10598 rs34168463 76390967 1 -3.7715972087634994e-4 0.810174 Radj75
17 5465 rs9895463 31312527 2 3.7709879137616824e-4 0.925387 Radj75
6 4680 rs62389291 22723147 1 -3.7685458791905153e-4 0.294865 Radj75
3 15555 rs74735379 101543150 1 3.7626692300765874e-4 0.933169 Radj75
20 3625 rs118164542 17069087 1 -3.7621178077159657e-4 0.726843 Radj75
10 6966 Affx-35517038 37276377 1 3.760581353901761e-4 NA Radj75
7 12289 rs73151504 81641500 1 3.720789593147906e-4 0.0565671 Radj75
22 159 rs737971 17785300 1 -3.7188850724958615e-4 0.88713 Radj75
10 15627 rs112192244 100703088 1 -3.7136548257666826e-4 0.324037 Radj75
1 18418 rs116019118 116890315 1 -3.708723482679215e-4 0.887472 Radj75
14 4775 rs139059875 51224261 1 3.7084175280150896e-4 NA Radj75
4 4877 rs114382663 25850322 1 3.697819217172291e-4 0.300003 Radj75
17 852 rs9909424 3418598 1 3.6728634260378647e-4 0.611818 Radj75
10 9203 rs7079648 60273155 1 -3.670768566428252e-4 0.989364 Radj75
11 18423 rs80295084 117588346 1 3.667273701950902e-4 0.561913 Radj75
3 16387 rs9868484 108188993 1 -3.6434193077919164e-4 0.985318 Radj75
7 2096 rs6972703 9767882 1 -3.6191362507383905e-4 0.910029 Radj75
5 18434 rs79387372 135218891 1 -3.6123225385364206e-4 0.453661 Radj75
1 6679 rs115843126 37199222 1 -3.6038193093053156e-4 0.455549 Radj75
12 18817 rs79134187 124228414 1 3.601435132664544e-4 NA Radj75
11 15460 rs17133189 99041145 1 3.598580246610895e-4 0.817932 Radj75
17 10060 rs878745 59502319 1 3.594923793856271e-4 0.71095 Radj75
8 7638 rs7836205 35641942 1 3.584682229135142e-4 0.925183 Radj75
15 7683 rs72743930 69879716 1 3.582314809346716e-4 0.147684 Radj75
3 17669 rs60702236 116898295 1 -3.582004142271383e-4 0.643429 Radj75
5 7908 rs191205 55401598 1 -3.5765780287845057e-4 0.993001 Radj75
4 22452 rs1544089 159095077 1 3.5730536846171e-4 0.990924 Radj75
7 5759 rs118065652 30626969 1 -3.5724972650523175e-4 0.879337 Radj75
16 2951 rs4780953 10677014 1 3.559608082846936e-4 0.940211 Radj75
6 28681 rs12193769 160261363 1 3.5420463001991503e-4 0.158409 Radj75
13 4621 rs1536944 44852696 1 3.536927104360138e-4 0.983202 Radj75
22 6351 rs2075958 48652184 1 -3.521737185955932e-4 0.415546 Radj75
11 11573 rs77059339 72912090 1 3.519707032068091e-4 0.0768519 Radj75
8 11933 rs17672657 70917592 1 3.51841205194889e-4 0.806145 Radj75
3 4602 rs62252651 23223243 1 3.5131107113959176e-4 0.980963 Radj75
11 7974 rs117832492 44498540 1 -3.50053340687867e-4 0.162643 Radj75
1 12217 rs79195470 73874197 1 3.492543345526403e-4 0.537673 Radj75
3 16241 rs62263291 107113105 1 3.4808633079093186e-4 0.991047 Radj75
5 6815 rs10036147 42908384 1 3.462931958910046e-4 0.954417 Radj75
14 13582 rs59435785 101720959 1 -3.452377494863539e-4 0.665897 Radj75
2 13239 rs17016000 79223593 1 3.4449381549332063e-4 0.0857518 Radj75
8 3252 rs118080825 12926012 1 -3.4290084819854643e-4 0.767975 Radj75
7 957 rs75274073 4285525 1 -3.4261438808421877e-4 0.824538 Radj75
16 5610 rs4620960 26013311 1 3.383202145563442e-4 0.965928 Radj75
13 4475 rs2325033 43929302 1 -3.3743920107000367e-4 0.642237 Radj75
11 16307 rs113959330 104168657 1 3.37319679109491e-4 0.467031 Radj75
18 6207 rs62092069 40735531 1 -3.368737557821879e-4 0.984373 Radj75
7 11755 rs323174 78338629 1 -3.364370857431976e-4 0.966976 Radj75
12 6429 rs79009736 41371382 1 3.357159337040954e-4 0.906581 Radj75
2 30639 rs16855489 217018256 1 -3.352508098808589e-4 0.57757 Radj75
10 9011 rs61848413 58825506 1 -3.3504433538300603e-4 0.24954 Radj75
17 10768 rs72838295 64460330 1 3.340648874388572e-4 0.847895 Radj75
3 8956 rs11929028 51754424 1 -3.336346167650789e-4 0.884524 Radj75
12 19420 rs78953937 126898681 1 -3.333790783286089e-4 0.724286 Radj75
16 15124 rs75642418 87269523 1 -3.3335690679953096e-4 0.723051 Radj75
7 10499 rs62458107 68099497 1 -3.330143546391006e-4 0.75992 Radj75
15 2964 rs118051307 40149221 1 3.329514790303501e-4 0.887998 Radj75
15 5974 rs117476661 60025094 1 -3.3281032933377673e-4 0.295927 Radj75
5 10157 rs79708272 73619229 1 -3.3271609182980715e-4 0.90539 Radj75
20 3621 rs73900024 17037976 1 3.3256175105715233e-4 0.962423 Radj75
20 7026 rs118124921 42125484 1 -3.3149354395150686e-4 0.897401 Radj75
11 251 rs11604757 1029320 1 3.3054062743010596e-4 0.94933 Radj75
4 1283 rs10003775 6180333 1 -3.303826984613138e-4 0.914135 Radj75
3 16140 rs9829756 106402233 1 3.30107401977236e-4 0.590727 Radj75
15 9103 rs75803504 78655749 1 -3.295629760488196e-4 0.33687 Radj75
12 3996 rs11045385 20831714 1 -3.290577695125776e-4 0.931798 Radj75
11 13898 rs72960960 87877435 1 -3.284498868989712e-4 0.788739 Radj75
20 6273 rs6129355 38145701 1 3.278103638809327e-4 0.974432 Radj75
2 14079 rs4247303 85554080 1 -3.2727323411878425e-4 0.989042 Radj75
10 20915 rs74968539 130723537 1 -3.258180724015968e-4 0.380564 Radj75
15 7343 rs1878699 67900883 1 -3.2503286104184584e-4 0.957527 Radj75
5 9580 rs255258 67954756 1 -3.2461478653309357e-4 0.849536 Radj75
7 14918 rs56194187 100740322 1 3.243661459811563e-4 0.768255 Radj75
1 1007 rs912991 5358384 1 -3.23869891418951e-4 0.819007 Radj75
3 9066 rs73072980 52434095 1 3.218890543825502e-4 0.572409 Radj75
21 556 rs7279730 17961544 1 -3.214257078011455e-4 0.486387 Radj75
18 12370 rs7230806 74893310 1 3.2136163456941366e-4 0.910756 Radj75
9 5103 rs117703887 24971701 1 -3.189024777222059e-4 0.836417 Radj75
2 9935 rs12614241 56657047 1 -3.176918901138995e-4 0.987783 Radj75
19 9223 rs8108419 48993840 1 -3.1744753407458534e-4 0.863723 Radj75
6 11771 rs79426214 41390170 1 3.172042585271187e-4 0.939307 Radj75
1 28071 rs201261502 206670654 1 -3.1617398986189595e-4 0.884139 Radj75
3 21435 rs55961427 142869730 2 3.1606356360311535e-4 0.910699 Radj75
6 10831 rs117919800 36819674 1 3.152237462306068e-4 0.178424 Radj75
9 14223 rs3739448 113192773 1 3.1303193500099456e-4 0.843436 Radj75
5 12101 rs17592206 86486929 1 3.129872787822658e-4 0.91894 Radj75
10 7294 rs12218783 44384758 1 3.129207769030955e-4 0.32452 Radj75
1 30244 rs12755547 219577016 2 -3.1271952964713814e-4 0.970315 Radj75
4 402 rs9328764 2176454 1 -3.1264505774935224e-4 0.984506 Radj75
14 13109 rs2664314 99644954 1 3.125387611315684e-4 0.900857 Radj75
2 11123 rs10496126 65753040 1 -3.122688671322012e-4 0.323629 Radj75
15 943 rs2066712 27772767 1 -3.122586873534777e-4 0.19677 Radj75
2 15963 rs116723246 107397850 1 3.112516052076823e-4 0.556235 Radj75
8 21754 rs77462202 140257104 1 3.1077133223883534e-4 0.9743 Radj75
6 28022 rs2444791 156689671 1 -3.0967452189710937e-4 0.852523 Radj75
2 35115 rs35514273 240306704 1 -3.07325208565646e-4 0.953269 Radj75
14 594 rs3811295 22553002 1 3.0662454496447244e-4 0.885398 Radj75
12 16126 rs75546557 107697721 1 -3.057742318511987e-4 0.0503105 Radj75
17 8794 rs976788 51697317 1 3.056535156213086e-4 0.845269 Radj75
18 9232 rs4371257 58455758 1 -3.044841069103139e-4 0.955435 Radj75
3 3586 rs7648940 16263614 1 3.034139149237758e-4 0.929504 Radj75
6 25162 rs13196187 139764573 1 3.0173556730121287e-4 0.945594 Radj75
4 13729 rs74611505 92918892 1 3.01683843203461e-4 0.924336 Radj75
8 15891 rs117975900 102195107 1 -3.012776474659954e-4 0.749055 Radj75
12 2873 rs11611183 13807004 1 3.002545426161215e-4 0.862316 Radj75
5 2075 rs16882975 9516477 1 3.0008632203197517e-4 0.468082 Radj75
2 29182 rs78042826 207003310 1 -2.9995965114252394e-4 0.552596 Radj75
12 4114 rs61926272 21602237 1 -2.9695406517723247e-4 0.631265 Radj75
5 9562 rs73113225 67827095 1 -2.960148270187812e-4 0.706951 Radj75
13 9933 rs77282176 85917626 1 2.9499779102379765e-4 0.414807 Radj75
14 6156 rs117374605 59300055 1 2.939907587502063e-4 0.104793 Radj75
2 22838 rs111363322 160542967 1 2.936524820968673e-4 0.787551 Radj75
16 11369 rs79640741 74846353 1 2.9250185863053757e-4 0.798315 Radj75
16 3026 rs76636859 10924846 2 2.9239392676004485e-4 0.817834 Radj75
8 445 rs6992040 1789844 2 -2.9226298745247016e-4 0.766301 Radj75
17 10421 rs74991528 62240987 1 2.9044740991210637e-4 0.0644348 Radj75
9 1553 rs140727862 6421105 1 -2.900133447312896e-4 NA Radj75
3 22910 rs62274967 152528189 1 2.8402287843354095e-4 0.314027 Radj75
19 5844 rs16964574 31246855 1 -2.8329446716780516e-4 0.981902 Radj75
5 25013 rs11746716 174267734 1 2.83143831800547e-4 0.917734 Radj75
10 16765 rs17121704 108632465 1 2.8271921385644955e-4 0.296053 Radj75
20 7044 rs111648462 42188807 1 -2.8247830563568035e-4 0.338515 Radj75
16 4150 rs62033189 17342509 1 2.823864185575412e-4 0.846026 Radj75
1 14901 rs74652737 92495178 1 -2.819653937913905e-4 0.903164 Radj75
2 17079 rs112055855 116484711 1 -2.8140837753831227e-4 0.907932 Radj75
13 7191 rs12857804 65753325 1 -2.808497439526057e-4 0.0623639 Radj75
4 4946 rs10939096 26133708 1 2.7982230877152814e-4 0.528038 Radj75
3 14255 rs114038904 86500502 1 2.7837186664704576e-4 0.844721 Radj75
15 12255 rs8041741 94875328 1 -2.781373468138286e-4 0.836757 Radj75
8 17890 rs16889566 118305206 1 2.778629242237734e-4 0.578706 Radj75
15 12386 rs78047290 95552575 1 -2.7656716270330116e-4 0.857093 Radj75
8 1500 rs17071305 4636519 1 -2.7533267961301787e-4 0.851137 Radj75
12 18907 rs11057491 124667707 1 -2.748274775383129e-4 0.691139 Radj75
1 88 rs71628941 1069653 1 -2.7378057338659265e-4 0.842873 Radj75
8 4083 rs13263857 16824278 1 -2.736850199483715e-4 0.969413 Radj75
9 4193 rs2209797 19591691 1 2.729472788432802e-4 0.764473 Radj75
15 4894 rs72749243 54010102 1 -2.7260263538624773e-4 0.859622 Radj75
12 6749 rs112788922 43848919 1 2.7207943619926534e-4 0.338134 Radj75
10 455 rs11251040 2106619 1 -2.717150280135444e-4 0.27651 Radj75
16 487 rs2076441 1590576 1 -2.7079077455970953e-4 0.959123 Radj75
10 16890 rs10748954 109397035 1 2.704501938869459e-4 0.981423 Radj75
9 14924 rs1560539 116862083 1 -2.6982568818469083e-4 0.988784 Radj75
11 14818 rs16921336 94810729 1 -2.697415235744935e-4 0.876831 Radj75
4 20841 rs115545561 148234210 1 -2.680220340801361e-4 0.0683168 Radj75
5 611 rs13436812 2544880 1 2.6767287803568446e-4 0.101351 Radj75
5 9262 rs116135273 66072634 1 -2.669195601250348e-4 0.913799 Radj75
3 21446 Affx-21310581 142896048 1 -2.6669805890224045e-4 0.772414 Radj75
7 17400 rs77677798 118420978 1 2.655888583851312e-4 0.498301 Radj75
2 29404 rs79978141 208526147 1 -2.6513532113042515e-4 0.146248 Radj75
3 4605 rs73037733 23317032 1 -2.6460847319186183e-4 0.719473 Radj75
20 8972 rs6068579 52173737 1 2.635594212153986e-4 0.860714 Radj75
6 10695 rs9394342 36258935 1 2.6348035943306476e-4 0.98439 Radj75
2 34972 rs4851976 239890643 1 2.63044319887715e-4 0.963746 Radj75
11 19405 rs2272094 122738261 1 -2.620407674604136e-4 0.991636 Radj75
5 5675 rs6897719 34795981 1 2.616882331166486e-4 0.382297 Radj75
3 13337 rs113276114 77626108 1 -2.6158420133152327e-4 0.957242 Radj75
8 14377 rs79839693 91018214 1 -2.614114238111471e-4 0.26707 Radj75
12 4011 rs11045419 20885438 1 2.608743697847711e-4 0.511851 Radj75
5 2142 rs13171775 9799765 1 2.599452333467625e-4 0.230019 Radj75
11 2549 rs78995751 10725139 1 -2.583420206923021e-4 0.925212 Radj75
1 5528 rs112816406 30487208 1 -2.5831772190797414e-4 0.730381 Radj75
2 13008 rs12151596 77581832 1 -2.579635030883873e-4 0.856353 Radj75
3 9108 rs147065672 52726942 1 2.577900651418657e-4 NA Radj75
2 28826 rs11688969 205173286 1 2.5599714913125953e-4 0.943733 Radj75
8 16246 rs983675 104124704 1 -2.5537070628935636e-4 0.778188 Radj75
16 259 rs117735885 870960 1 2.5494883633824753e-4 0.705388 Radj75
3 9290 rs142681887 53966015 1 2.541409236399233e-4 0.74954 Radj75
9 6476 rs116885684 34096847 1 -2.529445252132755e-4 0.0139466 Radj75
12 10903 rs7977031 71270770 1 -2.5275791741622864e-4 0.990806 Radj75
3 7380 rs6776146 40113009 1 -0.00025119389131639214 0.944304 Radj75
3 735 rs17659401 3112865 1 2.510670393681889e-4 0.97058 Radj75
22 1640 rs9613045 26338940 1 2.484792818771265e-4 0.756526 Radj75
12 7820 rs73109020 51641870 1 2.481108056601067e-4 0.856425 Radj75
3 26550 rs56184125 179488011 1 2.452458777965511e-4 0.235329 Radj75
5 24005 rs6880991 169545642 1 2.4511168860935276e-4 0.988713 Radj75
1 26168 rs113780173 194602038 1 -2.4490696861251716e-4 0.103024 Radj75
6 3432 rs80171280 16028261 1 -2.447201728168856e-4 0.757561 Radj75
13 2961 rs1888046 34459264 1 -2.443731917063823e-4 0.789911 Radj75
9 3340 rs10961777 14896900 1 2.4355434756791558e-4 0.294636 Radj75
16 14174 rs247867 84598449 1 -2.4339471976980872e-4 0.806181 Radj75
14 6782 rs4902214 63670903 1 -2.420559520282062e-4 0.828562 Radj75
5 6311 rs79370104 39112873 1 -2.4050435687365517e-4 0.547401 Radj75
7 19256 rs7802114 131857841 2 -2.403850677647197e-4 0.373207 Radj75
9 12657 rs2181038 104623443 1 2.401178879074641e-4 0.947712 Radj75
3 12732 rs62246995 72733907 1 2.3937810807809034e-4 0.782171 Radj75
3 28930 rs78114592 192273835 1 -2.3866509078887608e-4 0.590216 Radj75
13 4748 rs2025418 45685847 1 -2.380647450168946e-4 0.735267 Radj75
6 30310 rs7770588 168305276 1 -2.364694448687922e-4 0.817265 Radj75
6 23492 rs7753327 130050610 2 -2.3609395557234626e-4 0.938079 Radj75
20 528 rs62192712 1879293 1 2.3483060330598636e-4 0.747912 Radj75
9 11257 rs2296667 95274338 1 -2.3310231105469627e-4 0.989407 Radj75
11 21530 rs79946035 132598762 1 -2.3285432281639347e-4 0.877053 Radj75
12 10981 rs10160968 71820684 1 2.3245153218413498e-4 0.916987 Radj75
4 703 rs55690832 3748119 1 -2.3223848942063134e-4 0.858468 Radj75
6 11638 rs6930345 40765560 1 2.3155131893165052e-4 0.864671 Radj75
8 20041 rs72720351 131016944 1 -2.3055819648798163e-4 0.768065 Radj75
8 1450 rs74380482 4477230 1 2.3004721608655028e-4 0.0371788 Radj75
9 11019 rs72739455 93790736 2 -2.2960797433052333e-4 0.951328 Radj75
13 4768 rs4942399 45886230 1 -2.2953498053904594e-4 0.891894 Radj75
16 3753 rs753192 14000394 2 -2.2892584600960617e-4 0.978349 Radj75
10 17316 rs17827061 112369708 1 2.2727661460285683e-4 0.314207 Radj75
4 8957 rs74476747 57398920 1 -2.2659972694617948e-4 0.949071 Radj75
17 1150 rs9898457 4429147 1 -2.2579869299272295e-4 0.842729 Radj75
8 19679 rs10108514 128822709 1 2.2395979577669777e-4 0.610432 Radj75
17 12018 rs117930357 71090653 1 -2.2372896861563786e-4 0.42933 Radj75
4 20266 rs114908048 144051514 1 -2.2341115371045392e-4 0.979872 Radj75
2 6817 rs62134013 38155151 1 -2.2134968390778395e-4 0.858564 Radj75
1 9806 rs114793723 57587164 1 2.2107827397615035e-4 0.0918727 Radj75
8 21212 rs79889160 137058821 2 2.210243808953786e-4 0.676935 Radj75
8 828 rs66705638 3005937 2 -2.204807099888081e-4 0.706373 Radj75
5 14908 rs114664839 109957801 1 -2.2047197783587827e-4 0.633108 Radj75
6 15886 rs34942807 73790624 1 -2.1997452508757615e-4 0.515269 Radj75
14 6602 rs112946063 62437641 1 2.1974682208079354e-4 0.696149 Radj75
6 24153 rs2627231 134374673 2 2.1846644495867766e-4 0.883607 Radj75
11 13554 rs12576516 85905749 1 -2.1750315966926806e-4 0.765512 Radj75
3 10264 rs67183715 59889846 1 2.1742626051528637e-4 0.588456 Radj75
7 9377 rs76920060 52673102 1 -2.1725369917055914e-4 0.899201 Radj75
1 14284 rs10922701 88328100 1 2.1584145630919793e-4 0.980738 Radj75
11 13669 rs117471793 86605459 1 -2.1558160704205492e-4 0.938737 Radj75
3 4630 rs62256975 23605098 1 -2.1536714723686652e-4 0.886217 Radj75
2 15618 rs1517859 105335971 1 -2.1535307466766712e-4 0.957427 Radj75
6 26338 rs2294804 148162214 1 -2.1400710789457882e-4 0.849234 Radj75
2 2092 rs34518898 10524139 1 2.1371756013213134e-4 0.932345 Radj75
9 16336 rs1330344 125131688 1 -2.1291584852988757e-4 0.919268 Radj75
1 8375 rs72688383 48029787 1 2.1261489137354932e-4 0.893555 Radj75
8 13229 rs6473185 80782703 1 -2.120586863494599e-4 0.744109 Radj75
16 4068 rs77828556 16946521 1 2.0984885277599e-4 0.717128 Radj75
6 22092 rs13195359 119790779 1 2.0982455385342444e-4 0.932028 Radj75
10 14841 rs7897783 95521692 1 -2.0954768295090823e-4 0.720097 Radj75
13 528 rs35608342 22452355 1 -2.0772718439698742e-4 0.0179446 Radj75
22 3468 rs76892526 35330223 1 2.0758500559657744e-4 0.54354 Radj75
8 18857 rs7832861 124604789 1 2.069824010299867e-4 0.960472 Radj75
3 14140 rs67824428 85397224 1 -2.067419846263097e-4 0.633075 Radj75
1 14150 rs6576874 87675036 1 2.0654957213236125e-4 0.969422 Radj75
3 22935 rs1464593 152737318 1 -2.0618525336615185e-4 0.710476 Radj75
19 5566 rs79454575 30036017 1 -2.0451179339830522e-4 0.0352469 Radj75
3 14141 rs9861237 85402469 1 2.044675649596055e-4 0.936195 Radj75
18 11532 rs72964682 71626568 1 2.0400815038164004e-4 0.503693 Radj75
5 10378 rs10051972 75244914 1 2.0251032523594574e-4 0.483268 Radj75
11 13871 rs80285378 87759936 1 -2.0103169022169022e-4 0.579276 Radj75
2 3656 rs703308 19531545 1 2.009362566299429e-4 0.853666 Radj75
11 4691 rs118057096 22347321 2 2.0062994308566527e-4 0.919871 Radj75
19 8466 rs204906 45461980 1 -2.005532325861082e-4 0.834569 Radj75
6 24024 rs3904628 133452425 1 2.001442264220401e-4 0.747336 Radj75
12 7836 rs17860282 51740350 1 1.9952158909211263e-4 0.0461739 Radj75
20 6717 rs6513763 40688176 1 1.9921455633716557e-4 0.83223 Radj75
1 8238 rs35625655 47031542 1 1.9864013885465202e-4 0.981417 Radj75
5 5013 rs1021715 30906612 1 -1.965290627147209e-4 0.886512 Radj75
6 13748 rs74952638 53081441 1 -1.957319654075051e-4 0.652574 Radj75
1 19308 rs41304255 150236107 1 -1.9508338883704124e-4 0.938119 Radj75
6 12186 rs138057759 43411992 1 1.9456829468338907e-4 0.00176421 Radj75
19 7127 rs61910733 38189555 1 1.9396353110857946e-4 0.0857608 Radj75
20 2480 Affx-16343868 10993288 1 -1.9382465957596754e-4 0.888742 Radj75
5 5173 rs39791 31682687 1 -1.9367701155717092e-4 0.824105 Radj75
16 9415 rs16964607 62416478 1 -1.932800504554971e-4 0.646906 Radj75
13 10429 rs117916887 90645657 1 1.9281602813551476e-4 0.950796 Radj75
18 12196 rs72974030 74287847 1 -1.922436504339543e-4 0.804198 Radj75
18 4344 rs485571 26498622 1 1.9125449451253413e-4 0.847906 Radj75
17 6328 rs76262626 35525090 1 -1.91115895722051e-4 0.946636 Radj75
14 1969 rs10143386 30391548 1 -1.9053460179626534e-4 0.113991 Radj75
4 6989 rs12642132 39731409 1 -1.8898425384909155e-4 0.987888 Radj75
11 7708 rs77365128 42927958 1 1.8702084643468356e-4 0.328182 Radj75
21 4370 rs75563661 39267348 1 1.8679413548878987e-4 0.716171 Radj75
8 12276 rs62519383 73352582 1 -1.855619700560825e-4 0.50229 Radj75
1 35191 rs2642976 247092314 1 1.8229045852991425e-4 0.743797 Radj75
12 6979 rs3782131 45611034 1 1.8181410321703947e-4 0.867663 Radj75
7 5510 rs75705004 29145051 1 -1.8136019836292104e-4 0.932462 Radj75
12 16666 rs117378411 111254708 1 1.808510690948481e-4 0.812021 Radj75
8 6472 rs117359434 27711743 1 -1.806658644752126e-4 0.415464 Radj75
8 14239 rs79976761 89885524 1 1.8027442271151256e-4 0.686361 Radj75
17 8527 rs116933765 49440962 1 1.7812536772537598e-4 0.78314 Radj75
2 3687 rs62126604 19705071 1 -1.7808453383176797e-4 0.927174 Radj75
12 17498 rs4767357 116157248 1 1.762644167595428e-4 0.952104 Radj75
2 14906 rs115257107 100181858 1 1.7528762390946464e-4 0.0907747 Radj75
2 1674 rs346835 8438693 1 -1.7216307898376516e-4 0.916052 Radj75
9 5983 rs72710837 30351300 1 -1.715115588028276e-4 0.750844 Radj75
15 11682 rs79505826 92820773 1 1.7132361807918492e-4 0.438638 Radj75
4 21909 rs138511699 155533337 1 1.712841117833997e-4 NA Radj75
1 6114 rs372859 34047990 1 -1.7076843648792546e-4 0.505271 Radj75
14 2005 rs10483383 30650492 1 1.7016308813602477e-4 0.955989 Radj75
7 23592 rs1009390 155953063 1 -1.6803384181631934e-4 0.821179 Radj75
10 720 rs7907949 3148056 1 -1.6775433695078414e-4 0.936637 Radj75
1 12973 rs11162628 79570555 1 -1.6702724829045228e-4 0.94886 Radj75
16 10071 rs6499069 66375505 1 1.6578351385850216e-4 0.30247 Radj75
16 15341 rs8062950 88164732 1 1.6576901354821297e-4 0.773008 Radj75
3 16334 rs327148 107860012 1 1.6536495544829452e-4 0.990107 Radj75
10 6548 rs1510590 34237242 1 -1.6522256444637134e-4 0.454479 Radj75
3 14094 rs1584860 84832223 2 -1.6385190059578074e-4 0.974484 Radj75
2 11932 rs117945857 71027972 1 1.6384072951476387e-4 0.191178 Radj75
14 2331 rs17099134 32909048 1 -1.6311529024490686e-4 0.948406 Radj75
4 17882 rs78948903 125181533 1 1.6271298758535358e-4 0.972761 Radj75
18 9153 rs55820593 57929348 1 1.6087649836026404e-4 0.975276 Radj75
5 15312 rs114126703 112730597 1 -1.5987842763775365e-4 0.444065 Radj75
1 13681 rs34972329 84538013 1 1.598041412986312e-4 0.680932 Radj75
6 11812 rs2477822 41505624 1 1.593583084913331e-4 0.734186 Radj75
1 20519 rs115897109 157586811 1 -1.5893852291937782e-4 0.693974 Radj75
20 1011 rs7260931 4178771 1 1.583237717453429e-4 0.212799 Radj75
5 23274 rs72824000 165956422 1 -1.5778030241399467e-4 0.156802 Radj75
3 21365 rs73232724 142541083 1 1.575157303181228e-4 0.966975 Radj75
4 21249 rs72736311 151479755 1 -1.5698224820412631e-4 0.519032 Radj75
22 4175 rs142152598 38211173 1 -1.5671015060520437e-4 NA Radj75
11 16315 rs12790338 104229419 1 1.562940757600333e-4 0.0616519 Radj75
4 779 rs3894080 4242950 1 -1.5551471986155447e-4 0.937971 Radj75
6 12077 rs9462852 42907327 1 1.5539381397915267e-4 0.825841 Radj75
11 19980 rs840028 125253551 2 -1.547093129059845e-4 0.831167 Radj75
3 11569 rs78922659 66069298 2 1.5350110706572313e-4 0.94691 Radj75
12 10707 rs61929309 70006319 1 1.534329451667558e-4 0.613849 Radj75
9 3437 rs1215134 15347518 1 -1.5138517691704728e-4 0.83494 Radj75
12 19225 rs422931 125896922 1 1.5082755274555551e-4 0.592942 Radj75
4 12370 rs2859538 83350059 1 1.494280655475467e-4 0.967871 Radj75
2 8156 rs566260 45891375 1 -1.4916222447753367e-4 0.971837 Radj75
19 3054 rs387865 11284539 1 1.4907422062138077e-4 0.876653 Radj75
4 1819 rs10937857 7743547 1 1.480006876924675e-4 0.751344 Radj75
3 22906 rs74942670 152506114 1 1.4756871762703364e-4 0.773564 Radj75
2 34323 rs6431421 236949119 1 1.4682790523358103e-4 0.830521 Radj75
2 19570 rs79425817 134852025 1 1.467133224803202e-4 0.782961 Radj75
1 4917 rs76706441 26145328 1 1.466578713513123e-4 0.821332 Radj75
18 11258 rs55902264 70495781 1 -1.4593743148637135e-4 0.487776 Radj75
4 21204 rs28405622 151148930 1 -1.4336419862842452e-4 0.846997 Radj75
11 16200 rs11225894 103463622 1 -1.4278452944905938e-4 0.513324 Radj75
10 3500 rs7916726 14990369 1 -1.4249695662078442e-4 0.720367 Radj75
8 14619 rs519138 93493736 1 -1.4224766195769932e-4 0.830776 Radj75
7 16159 rs118055373 108712226 1 -1.4220270911965472e-4 0.367338 Radj75
1 24518 rs74130013 181477341 1 1.419706623385299e-4 0.826448 Radj75
8 10253 rs1436022 58843630 1 -1.4193806065848164e-4 0.823279 Radj75
11 10000 rs77418486 62765313 1 -1.4118456239849408e-4 0.581107 Radj75
2 11924 rs17654593 70950710 1 -1.4113510737554408e-4 0.0168504 Radj75
16 13895 rs8050660 84021647 1 1.4015063664241974e-4 0.895656 Radj75
1 29485 rs144237457 214815298 1 -1.4011112287932979e-4 NA Radj75
5 23397 rs72827392 166700246 1 1.3971659427878147e-4 0.975089 Radj75
18 12163 rs72983950 74193697 1 1.3905779518372978e-4 0.850889 Radj75
1 28526 rs13373937 209109349 1 1.3798513364450792e-4 0.850205 Radj75
18 9113 rs12455765 57590855 1 -1.3741949365443366e-4 0.651011 Radj75
2 23730 rs13415889 167281499 1 1.372384471877487e-4 0.802312 Radj75
11 9522 rs79818091 60064953 1 1.3654438747411605e-4 0.185725 Radj75
9 18181 rs11244009 136018156 1 1.3480205581566746e-4 0.846454 Radj75
2 18054 rs6721174 123160373 1 -1.340238336935637e-4 0.957943 Radj75
7 19699 rs1345935 134977704 1 -1.3383899040819128e-4 0.750774 Radj75
13 11457 rs78535882 97195669 1 -1.3308139279575383e-4 0.0132643 Radj75
6 21981 rs72967562 118687505 1 -1.3289262012184584e-4 0.876715 Radj75
8 22316 rs4917279 143095690 1 1.3236187132290958e-4 0.983462 Radj75
2 35376 rs111436399 241301459 1 1.316497017517435e-4 0.0403692 Radj75
4 13736 rs79645315 92981618 1 -1.3091383727237708e-4 0.928249 Radj75
17 11926 rs79854202 70767776 1 -1.3064601283734614e-4 0.871842 Radj75
14 2863 rs200609681 34998628 1 -1.2938576013158271e-4 NA Radj75
16 12448 rs116985496 79150983 1 1.293729166707729e-4 0.071796 Radj75
21 5436 rs28487289 43457991 1 1.2862218694791342e-4 0.160801 Radj75
7 15885 rs117460416 107025356 1 1.2774193299036434e-4 0.136305 Radj75
2 35405 rs115945943 241451973 1 1.2727469459177678e-4 0.515404 Radj75
2 10340 rs78754903 59807652 1 -1.2727243860930382e-4 0.287735 Radj75
10 21812 rs28403320 134327674 1 -1.2687915759667615e-4 0.670965 Radj75
2 1501 rs115756032 7533757 1 -1.2508703375449425e-4 0.487566 Radj75
11 18331 rs79879928 117252135 2 1.2476393282967696e-4 0.953191 Radj75
2 29396 rs3770704 208439118 1 1.244625289187057e-4 0.872381 Radj75
7 20576 rs4726736 139966600 1 1.2434084603287843e-4 0.565704 Radj75
11 7181 rs16932572 38908087 1 1.2369871352367203e-4 0.684393 Radj75
7 14480 rs74393319 98143780 1 1.2339337226440508e-4 0.0623161 Radj75
1 19015 rs142193785 145541479 1 1.2323684703171428e-4 NA Radj75
8 6615 rs17518911 28459588 1 -1.2322657843915474e-4 0.562061 Radj75
4 3169 rs186264635 15504459 1 1.2135792438359617e-4 0.0180941 Radj75
4 24451 rs2200257 173278413 1 -1.2107043938421708e-4 0.969298 Radj75
7 22655 rs28397608 152253276 1 -1.206252616740151e-4 0.788613 Radj75
12 16489 rs200934601 109728077 1 1.2030080391515416e-4 0.0217223 Radj75
9 2079 rs116916040 8753396 1 1.2007418318993278e-4 0.0645024 Radj75
5 19911 rs114112111 145431183 1 1.1947104685948956e-4 0.918118 Radj75
3 12806 rs649822 73297035 2 1.1866672942873198e-4 0.921189 Radj75
18 9950 rs117952164 62365273 1 1.185751757882399e-4 0.313795 Radj75
11 11517 rs75017062 72369425 1 -1.1843320809446578e-4 0.0629193 Radj75
18 2261 rs17437485 10114481 1 -1.1796006201654597e-4 0.247017 Radj75
12 4129 rs112177514 21670261 1 1.1771885659478663e-4 0.649232 Radj75
12 16595 rs78549167 110470426 1 1.1759290575598041e-4 0.969352 Radj75
22 6222 rs62225104 48202028 1 1.164750350258652e-4 0.938663 Radj75
9 3029 rs28565455 13861582 1 -1.1593411816180283e-4 0.919073 Radj75
2 35119 rs73106721 240314655 1 -1.1561663384975114e-4 0.886364 Radj75
6 11001 rs11755639 37569565 1 1.1558147756595197e-4 0.924964 Radj75
2 8168 rs142908596 45941669 1 1.1503464313423353e-4 0.527941 Radj75
17 9516 rs118037659 55719694 2 1.1454075491688996e-4 0.500617 Radj75
2 13058 rs6711151 77786252 1 1.1360011331225171e-4 0.799592 Radj75
3 11582 rs74620808 66139179 1 1.1335772055690221e-4 0.651002 Radj75
20 11339 rs6011505 61604773 1 1.1290924776863628e-4 0.893136 Radj75
12 15443 rs117033005 103567245 1 -1.1227946630705432e-4 0.26151 Radj75
18 11396 rs117794440 71087438 1 1.0980194420899554e-4 0.131248 Radj75
20 5058 rs6083824 25363057 1 1.0810754501476051e-4 0.993895 Radj75
18 7969 rs118089345 50759220 1 -1.0790184427795493e-4 0.109754 Radj75
6 3098 rs116123497 14082870 1 1.0742771080375123e-4 0.146469 Radj75
12 13084 rs78090938 89460367 2 -1.0677969346255522e-4 0.395726 Radj75
3 2042 rs4686281 8674677 1 -1.050298047889898e-4 0.29105 Radj75
17 9659 rs144635826 56283734 1 1.0442670550350592e-4 0.0142711 Radj75
5 15554 rs114335661 114710918 1 -1.0309767638451095e-4 0.777555 Radj75
2 23417 rs114909443 165001604 2 1.0289104547945958e-4 0.930385 Radj75
1 23669 rs56367429 175646284 1 1.0258807919243787e-4 0.513661 Radj75
19 3282 rs4602147 12702210 1 1.0244756124910514e-4 0.114247 Radj75
16 2822 rs74963073 10102072 2 1.0120357459756399e-4 0.930644 Radj75
2 7575 rs77429532 42637261 1 1.0088311741762329e-4 0.938344 Radj75
9 7835 rs7045421 74599715 1 -1.0075240954435705e-4 0.914405 Radj75
13 9891 rs78084995 85575462 1 1.0066863834119383e-4 0.832517 Radj75
6 11078 rs116084216 37789535 1 -9.967728288486498e-5 0.105029 Radj75
8 12247 rs346612 73241995 1 -9.897645248513624e-5 0.49401 Radj75
1 19293 rs12142278 150125249 1 9.871434661148951e-5 0.966941 Radj75
16 628 rs7190284 2116083 1 9.839763498879173e-5 0.9225 Radj75
9 8402 rs60054498 78460823 1 -9.77361273869263e-5 0.954656 Radj75
5 4380 rs462672 25843377 1 -9.583001134138484e-5 0.976412 Radj75
17 14169 rs8074763 78859800 1 -9.512140717224178e-5 0.640147 Radj75
4 296 rs4865443 1621524 2 -9.354503023237449e-5 0.880417 Radj75
3 23036 rs573872 153472163 1 -9.28430170059561e-5 0.978711 Radj75
16 6039 rs16977076 27967664 1 -9.178291683743189e-5 0.845083 Radj75
2 29106 rs36087789 206659474 1 -9.109541790386704e-5 0.865853 Radj75
4 21642 rs115707155 154115019 1 -9.047880748045824e-5 0.553808 Radj75
13 248 rs61951063 20877547 1 8.975656012858255e-5 0.951869 Radj75
6 7640 rs78868683 30798277 1 -8.912518608390246e-5 0.189014 Radj75
10 20208 rs4420178 127996741 1 8.817592906517735e-5 0.963086 Radj75
4 1297 rs7378329 6230237 1 -8.662552859896021e-5 0.730338 Radj75
9 11840 rs12550882 99314887 1 8.655283996768785e-5 0.964834 Radj75
17 13394 rs6501186 76263906 1 8.651441495996895e-5 0.318349 Radj75
8 928 rs73657886 3276403 1 8.614113173505456e-5 0.318458 Radj75
1 26200 rs10754119 194974689 1 -8.50830225588919e-5 0.995329 Radj75
12 485 rs113650811 2148227 1 8.447988984502952e-5 0.279787 Radj75
14 11278 rs183355103 91610122 1 8.364449375166399e-5 0.0734153 Radj75
13 13456 rs117856042 107933901 1 8.358080357968279e-5 0.332719 Radj75
6 28730 rs73025537 160544961 1 8.346612633175012e-5 0.672326 Radj75
3 8362 rs17220622 46579125 1 8.145433108211638e-5 0.987287 Radj75
5 12468 rs16868543 89643926 1 8.109968711222002e-5 0.79914 Radj75
10 11854 rs17699290 77489277 1 -8.107619284195975e-5 0.870138 Radj75
9 2101 rs10733549 8812415 1 8.077968724704633e-5 0.956472 Radj75
21 2535 rs1013194 29531827 1 8.076859738891928e-5 0.928493 Radj75
13 10840 rs1933196 93389827 1 -8.04699363906648e-5 0.943975 Radj75
2 30041 rs10804203 213047537 1 -8.013008266385885e-5 0.610535 Radj75
12 6388 rs11177729 41068340 1 7.806024193707188e-5 0.0871736 Radj75
17 6882 rs149383385 38925270 1 -7.754371282064161e-5 NA Radj75
3 26625 rs114754101 180195934 1 7.734613916774252e-5 0.294909 Radj75
9 6090 rs7856015 31381750 1 -7.68962727576184e-5 0.911501 Radj75
11 5404 rs7128823 26692742 1 -7.657151009641966e-5 0.973341 Radj75
11 828 rs11026835 3403867 1 -7.590356852810325e-5 0.799548 Radj75
5 19586 rs17209076 142492647 1 -7.506088055075115e-5 0.695384 Radj75
10 8038 rs117257055 51584644 1 7.445829696833599e-5 0.0104478 Radj75
4 12447 rs6837730 83696663 1 -7.374759964889798e-5 0.616661 Radj75
9 9753 rs12551710 86088295 1 -7.307656531693228e-5 0.979617 Radj75
8 17327 rs61753737 113276030 1 7.298049566003488e-5 NA Radj75
16 616 rs1132368 2087562 1 7.293360251263667e-5 0.763717 Radj75
5 9895 rs114679149 72034113 1 -7.175931741127528e-5 0.775896 Radj75
5 2033 rs1024488 9356924 1 7.087564441189657e-5 0.8674 Radj75
10 9402 rs1625004 61475831 1 6.846114141280305e-5 0.674391 Radj75
10 2563 rs72773980 11212453 1 -6.843481798268652e-5 0.759353 Radj75
5 5834 Affx-26496778 35876251 2 -6.524233183019654e-5 0.901568 Radj75
1 12918 rs11577132 79119233 1 6.453170324782854e-5 0.822732 Radj75
2 9842 rs55849640 56145171 1 -6.413727469571221e-5 NA Radj75
5 25173 rs2644662 174968649 1 -6.344639737944656e-5 0.80476 Radj75
6 20561 rs13192868 108427622 1 6.342887286411926e-5 0.646263 Radj75
6 9148 rs492899 31933518 1 -6.312489597145466e-5 0.878916 Radj75
9 752 rs4598306 2801291 1 6.254132376271245e-5 0.352448 Radj75
7 20526 rs12703513 139736834 1 -6.243554154697555e-5 0.86701 Radj75
2 30470 rs74586727 216220412 2 -6.214788482188602e-5 0.942451 Radj75
5 5290 rs34432329 32031433 1 6.192348874153254e-5 0.846785 Radj75
6 16821 rs614483 81199357 1 6.096385488135624e-5 0.705622 Radj75
8 18506 rs117008459 122437839 1 -6.06934436520339e-5 0.294079 Radj75
15 7509 rs7173150 68837697 1 -6.046384290883312e-5 0.948868 Radj75
7 22701 rs34268961 152423456 1 5.977696493936547e-5 0.859574 Radj75
5 1289 rs114770549 5315822 1 -5.974720422196756e-5 0.504972 Radj75
22 4029 rs229526 37581422 2 5.884336947275026e-5 0.961542 Radj75
14 1401 rs76071562 26258165 1 -5.818096339856764e-5 0.14276 Radj75
10 3167 rs2296599 13752381 1 5.76717414822909e-5 0.948818 Radj75
2 34684 rs75316671 238502672 1 -5.703840468052057e-5 0.549616 Radj75
3 10751 rs114769612 62041182 1 -5.6363212886734095e-5 0.151568 Radj75
9 11223 rs471478 95001109 1 5.509358414610555e-5 0.929296 Radj75
1 29867 rs12127523 217257837 1 -5.393351172784044e-5 0.987889 Radj75
1 33080 rs111602782 236532859 1 -5.391454537372066e-5 0.955795 Radj75
1 14388 rs306337 88971420 1 5.319581020857578e-5 0.81617 Radj75
6 27066 rs77913622 151706109 1 -5.26140650516126e-5 0.215254 Radj75
8 20370 rs1501061 132968567 1 5.218055065695084e-5 0.990665 Radj75
4 15734 rs114125549 108743095 1 -5.205739083498017e-5 0.865309 Radj75
22 716 rs2241230 20784050 1 5.035691502433483e-5 0.963373 Radj75
5 3214 rs31299 16713465 1 -5.022052142106941e-5 0.869257 Radj75
8 19739 rs72722727 129119667 1 5.020277215819868e-5 0.616289 Radj75
3 18856 rs75703575 124894868 1 -4.9288863231276336e-5 0.549516 Radj75
7 11304 rs73137172 74126168 1 -4.8868081744639195e-5 0.921848 Radj75
4 1607 rs78004057 7243631 1 -4.809999200220591e-5 0.480185 Radj75
6 28048 rs11156111 156772471 1 4.764284490086649e-5 0.872987 Radj75
18 7237 rs72913755 46335140 1 4.751920092559664e-5 0.968223 Radj75
6 10329 rs12191571 33880480 1 4.5120029731166105e-5 0.867694 Radj75
2 34026 rs722161 235795528 1 -4.492626593054845e-5 0.115118 Radj75
5 2054 rs116502519 9447443 1 4.4627310025309486e-5 0.852545 Radj75
18 7590 rs630939 48384463 1 4.213300995621807e-5 0.948045 Radj75
5 4377 rs444099 25826618 2 4.1231376570552395e-5 0.991915 Radj75
1 19228 rs114784387 147397142 1 4.096504329088891e-5 0.891373 Radj75
20 5826 rs6065197 35322008 1 4.017831487479149e-5 0.802571 Radj75
13 10836 rs68103324 93358775 1 3.926699830111899e-5 0.925669 Radj75
15 696 rs57334988 26640945 1 -3.908211839886312e-5 0.757551 Radj75
12 17128 rs7968281 114345009 1 -3.865210593637577e-5 0.612798 Radj75
3 4643 rs79831954 23676843 1 -3.771937377402712e-5 0.260428 Radj75
8 8568 rs17875672 42145305 1 -3.7156745349769034e-5 0.0420038 Radj75
16 591 rs7193011 2015393 1 3.686506682751054e-5 0.755164 Radj75
8 14281 rs117583900 90224795 1 -3.684211139807224e-5 0.860476 Radj75
1 2495 rs77479053 14090396 1 -3.661882006085853e-5 0.39902 Radj75
2 15251 rs12471980 102721463 1 3.645289838855288e-5 0.824822 Radj75
13 12097 rs75332768 100948906 1 -3.4240767095135714e-5 0.736028 Radj75
14 944 rs2239578 23903380 1 3.223021276897545e-5 0.971759 Radj75
16 15664 rs56240058 89301987 1 3.1941167920293994e-5 0.505549 Radj75
15 13223 rs77417635 99157593 1 -3.179403867784998e-5 0.331728 Radj75
7 2776 rs251990 13915107 1 3.173361151628237e-5 0.84146 Radj75
10 18112 rs17794983 116732120 1 3.148413756078611e-5 0.273733 Radj75
6 16701 rs62413414 80310375 1 3.115458775188954e-5 0.981574 Radj75
20 3729 rs61737094 17596582 1 3.082407603155928e-5 0.0142029 Radj75
2 2578 rs16859035 12659520 1 3.072243405858036e-5 0.93622 Radj75
3 22298 rs73866671 148562470 1 -3.0449415852108756e-5 0.0377409 Radj75
13 10786 rs118189191 93104087 1 3.044782586225915e-5 0.670773 Radj75
2 23558 rs74584512 166074183 1 3.0055946636285733e-5 0.600869 Radj75
2 3446 rs116279356 18177575 1 -2.9767237599383617e-5 0.321228 Radj75
7 19675 rs145562868 134849422 1 2.96792031240281e-5 NA Radj75
3 1248 rs12497961 5111551 1 -2.9427018681785822e-5 0.712367 Radj75
10 11145 rs12784847 72511528 1 2.8655025149113883e-5 0.968205 Radj75
6 19860 rs76338698 104197160 1 -2.7643613360265196e-5 0.847308 Radj75
7 11547 rs68012076 77147606 1 2.7274567329318808e-5 0.926301 Radj75
9 3695 rs17743955 16836893 1 2.705564020428421e-5 0.201458 Radj75
6 9579 rs3129887 32410691 1 2.653829664970206e-5 0.966571 Radj75
15 2369 rs9806189 36683276 1 -2.652526140377329e-5 0.773264 Radj75
18 932 rs79012808 4379584 1 -2.449182322681105e-5 0.862187 Radj75
3 4596 rs75604652 23176494 1 -2.412912915450669e-5 0.928246 Radj75
5 9745 rs10454914 71000610 1 -2.409748814071967e-5 0.193306 Radj75
4 20013 rs34418039 142019558 1 2.2852094800018547e-5 0.556488 Radj75
5 6281 rs357259 38916920 1 -2.2805368965046574e-5 0.990494 Radj75
18 3446 rs7227951 21057450 1 -2.1968800481078717e-5 0.97698 Radj75
1 25123 rs115412688 185638395 1 2.162065245548418e-5 0.937069 Radj75
1 1563 rs11582641 8181466 1 -2.157536811887817e-5 0.383636 Radj75
2 15629 rs7596328 105442170 1 -2.141076163381707e-5 0.983041 Radj75
10 5120 rs74640492 25170302 1 2.0840142776219267e-5 0.30733 Radj75
19 11696 rs149822437 57335015 1 -2.0610443131204095e-5 NA Radj75
10 14829 rs74561597 95485334 1 1.9566228654115985e-5 0.561007 Radj75
11 15669 rs73000191 100501823 2 1.9470829625246033e-5 0.953715 Radj75
2 34411 rs112352342 237397022 1 -1.9313920183752806e-5 0.839819 Radj75
22 6112 rs77412088 47729046 1 -1.93095722408236e-5 0.115227 Radj75
6 26132 rs117198607 146960925 1 -1.7625918925346628e-5 0.476896 Radj75
3 147 rs73816007 732474 1 1.756959072082092e-5 0.234423 Radj75
6 7107 rs1264709 30056476 1 -1.75644417061771e-5 0.985934 Radj75
10 373 rs78173546 1765862 1 -1.674850570489567e-5 0.453628 Radj75
5 6205 rs35853268 38476843 2 -1.642357097148239e-5 0.956416 Radj75
6 21878 rs55805267 117788645 1 -1.6420108234094022e-5 0.62458 Radj75
5 12483 rs2562517 89788891 1 -1.5906629910171827e-5 0.876416 Radj75
6 9374 rs9267873 32199352 1 -1.5524738351467134e-5 0.971739 Radj75
1 19559 rs3124314 152037515 1 -1.5387906445720245e-5 0.984513 Radj75
13 6874 rs117679086 62680971 1 -1.4451091802913403e-5 0.415934 Radj75
11 18807 rs34051198 119734332 1 -1.3735013588384737e-5 0.930693 Radj75
10 2268 rs61842491 9286417 1 -1.372576605011587e-5 0.168008 Radj75
10 5558 rs12356998 27801608 2 -1.3489916399076949e-5 0.964204 Radj75
3 18087 rs75267815 119883040 1 -1.3303101992183272e-5 0.921196 Radj75
5 13231 rs111913895 95848799 1 -1.312580911091214e-5 0.0123476 Radj75
13 3863 rs118124528 40443214 1 1.301119230211611e-5 0.460985 Radj75
18 413 rs615862 2168672 1 -1.1988775610160093e-5 0.967081 Radj75
21 1129 rs2825774 21116855 1 -1.198610680015669e-5 0.945287 Radj75
18 1284 rs8088554 5946524 1 1.1908194076509209e-5 0.749012 Radj75
12 10723 rs10506569 70097865 1 -1.1800687555131614e-5 0.919262 Radj75
2 23371 rs10192119 164581241 2 -1.1305645478366152e-5 0.986015 Radj75
8 19681 rs4332094 128856908 1 -1.0988856431526887e-5 0.94373 Radj75
14 9570 rs17175744 80455687 1 -1.0455841772515694e-5 0.0498914 Radj75
5 16738 rs17149748 122267367 1 1.0283609977020235e-5 0.774214 Radj75
6 9328 rs3132947 32176782 1 -9.774137088298904e-6 0.992989 Radj75
2 11506 rs76638078 67999661 1 9.293795101837918e-6 0.234341 Radj75
19 11023 rs77345998 55404921 1 -8.554963448918779e-6 0.94277 Radj75
1 1667 rs2274326 9009214 1 8.195130628723677e-6 0.970146 Radj75
15 7082 rs74366425 66418299 1 7.897892289894765e-6 0.895768 Radj75
1 26205 rs10801383 195045183 1 -6.901800515606497e-6 0.985035 Radj75
22 2119 rs117537977 27835627 1 6.776252626709111e-6 0.215758 Radj75
10 5559 rs11015861 27830433 1 -6.666215297009866e-6 0.990539 Radj75
14 6342 rs150511705 60587953 1 -5.978106310504102e-6 0.024505 Radj75
17 11129 rs8066131 66505019 1 5.757349167925574e-6 0.971786 Radj75
8 6319 rs117899615 26812374 1 4.133060534514492e-6 0.420748 Radj75
4 2860 rs7678806 13815655 1 -3.421053418992532e-6 0.610085 Radj75
8 2908 rs4618656 10969235 1 -3.205610258381489e-6 0.964394 Radj75
6 17532 rs117327975 87018096 1 -3.0570380706567245e-6 0.531391 Radj75
6 28656 rs78550031 160149179 1 3.016940059714928e-6 0.946734 Radj75
6 17896 rs77013976 89428709 1 -2.280637718332459e-6 0.0219349 Radj75
6 6819 rs385492 29649547 1 -2.130324842420137e-6 0.985537 Radj75
22 4613 rs9607732 40990077 1 -1.7918206206356057e-6 0.975804 Radj75
18 630 rs139422575 3188778 1 -1.1671924874922182e-6 NA Radj75
6 7659 rs2250264 30821187 1 9.7834399629148e-7 0.92361 Radj75
